,Unnamed: 0,label,path,height,width,x1,y1,x2,y2
0,0,other,cropped_ds\cycleway\0.png,57,62,55,230,117,287
1,1,other,cropped_ds\pedestrian\1.png,56,53,280,122,333,178
2,2,no_stopping,cropped_ds\no_stopping\2.png,29,35,149,120,184,149
3,3,no_stopping,cropped_ds\no_stopping\3.png,50,55,376,155,431,205
4,4,no_entry_for_vehicles,cropped_ds\no_entry_for_vehicles\4.png,21,18,119,153,137,174
5,5,no_stopping,cropped_ds\no_stopping\5.png,49,44,555,253,599,302
6,6,no_stopping,cropped_ds\no_stopping\7.png,79,83,672,131,755,210
7,7,other,cropped_ds\other\8.png,36,28,218,154,246,190
8,8,no_stopping,cropped_ds\no_stopping\9.png,35,31,358,126,389,161
9,9,other,cropped_ds\stop\10.png,19,23,195,133,218,152
10,10,other,cropped_ds\pedestrian\11.png,21,20,229,142,249,163
11,11,other,cropped_ds\pedestrian\12.png,64,57,325,191,382,255
12,12,no_stopping,cropped_ds\no_stopping\13.png,64,70,643,165,713,229
13,13,no_entry_for_vehicles,cropped_ds\no_entry_for_vehicles\14.png,43,49,421,118,470,161
14,14,no_stopping,cropped_ds\no_stopping\16.png,67,76,100,259,176,326
15,15,no_stopping,cropped_ds\no_stopping\17.png,190,164,1598,1411,1762,1601
16,16,other,cropped_ds\other\18.png,90,132,1614,1585,1746,1675
17,17,other,cropped_ds\other\19.png,92,172,1596,1183,1768,1275
18,18,other,cropped_ds\endof_pedestrian_zone\20.png,1774,1347,793,1582,2140,3356
19,19,other,cropped_ds\speed_limit_zone\21.png,1569,1682,458,78,2140,1647
20,20,other,cropped_ds\other\22.png,266,383,1436,1673,1819,1939
21,21,other,cropped_ds\other\23.png,283,509,1358,443,1867,726
22,22,no_stopping,cropped_ds\no_stopping\24.png,544,496,1375,1121,1871,1665
23,23,no_stopping,cropped_ds\no_stopping\25.png,551,572,822,1463,1394,2014
24,24,no_stopping,cropped_ds\no_stopping\26.png,566,566,742,1552,1308,2118
25,25,no_stopping,cropped_ds\no_stopping\27.png,331,303,977,1335,1280,1666
26,26,other,cropped_ds\endof_pedestrian_zone\28.png,497,383,842,866,1225,1363
27,27,other,cropped_ds\other\29.png,273,286,329,1014,615,1287
28,28,no_stopping,cropped_ds\no_stopping\32.png,887,869,1322,1745,2191,2632
29,29,other,cropped_ds\endof_pedestrian_zone\33.png,1279,913,1029,490,1942,1769
30,30,other,cropped_ds\other\35.png,347,552,1275,1739,1827,2086
31,31,other,cropped_ds\other\36.png,374,665,1306,1365,1971,1739
32,32,no_stopping,cropped_ds\no_stopping\37.png,779,753,1227,634,1980,1413
33,33,no_stopping,cropped_ds\no_stopping\38.png,483,479,1201,1308,1680,1791
34,34,other,cropped_ds\other\39.png,252,374,1232,1752,1606,2004
35,35,other,cropped_ds\other\41.png,435,631,1062,1582,1693,2017
36,36,other,cropped_ds\other\42.png,522,1795,519,243,2314,765
37,37,no_stopping,cropped_ds\no_stopping\43.png,904,891,967,717,1858,1621
38,38,other,cropped_ds\endof_pedestrian_zone\44.png,1779,1335,1071,1773,2406,3552
39,39,other,cropped_ds\speed_limit_zone\45.png,1661,1766,688,217,2454,1878
40,40,no_entry_for_vehicles,cropped_ds\no_entry_for_vehicles\46.png,27,23,212,136,235,163
41,41,other,cropped_ds\other\47.png,19,18,215,162,233,181
42,42,no_stopping,cropped_ds\no_stopping\48.png,62,87,355,280,442,342
43,43,no_stopping,cropped_ds\no_stopping\49.png,66,102,47,129,149,195
44,44,other,cropped_ds\other\50.png,49,75,65,192,140,241
45,45,parking,cropped_ds\parking\51.png,32,20,517,180,537,212
46,46,other,cropped_ds\other\53.png,43,64,521,223,585,266
47,47,other,cropped_ds\other\54.png,28,38,163,182,201,210
48,48,no_stopping,cropped_ds\no_stopping\55.png,62,44,158,122,202,184
49,49,no_stopping,cropped_ds\no_stopping\56.png,29,48,543,205,591,234
50,50,other,cropped_ds\other\58.png,15,32,137,248,169,263
51,51,other,cropped_ds\other\59.png,97,73,244,170,317,267
52,52,no_stopping,cropped_ds\no_stopping\60.png,40,40,133,209,173,249
53,53,other,cropped_ds\one_way_street\61.png,49,50,250,125,300,174
54,54,no_stopping,cropped_ds\no_stopping\62.png,102,111,71,226,182,328
55,55,no_stopping,cropped_ds\no_stopping\64.png,159,191,86,276,277,435
56,56,other,cropped_ds\other\65.png,72,136,128,431,264,503
57,57,other,cropped_ds\other\66.png,51,55,210,252,265,303
58,58,no_stopping,cropped_ds\no_stopping\67.png,60,72,204,199,276,259
59,59,no_entry_for_vehicles,cropped_ds\no_entry_for_vehicles\68.png,32,23,470,289,493,321
60,60,other,cropped_ds\endof_pedestrian_zone\69.png,476,369,846,869,1215,1345
61,61,no_stopping,cropped_ds\no_stopping\70.png,331,297,987,1335,1284,1666
62,62,no_stopping,cropped_ds\no_stopping\71.png,76,71,488,310,559,386
63,63,other,cropped_ds\pedestrian\72.png,21,22,388,335,410,356
64,64,other,cropped_ds\priority_road\73.png,25,26,386,311,412,336
65,65,other,cropped_ds\pass_on_right\74.png,19,21,17,366,38,385
66,66,no_stopping,cropped_ds\no_stopping\75.png,55,50,499,250,549,305
67,67,parking,cropped_ds\parking\76.png,39,30,498,170,528,209
68,68,parking,cropped_ds\parking\77.png,25,20,369,190,389,215
69,69,parking,cropped_ds\parking\78.png,18,13,330,216,343,234
70,70,no_entry_for_vehicles,cropped_ds\no_entry_for_vehicles\79.png,13,13,78,216,91,229
71,71,no_entry_for_vehicles,cropped_ds\no_entry_for_vehicles\80.png,12,13,235,218,248,230
72,72,other,cropped_ds\yield\81.png,19,21,254,196,275,215
73,73,other,cropped_ds\turn_right_ahead\82.png,17,19,255,215,274,232
74,74,other,cropped_ds\other\83.png,25,26,527,184,553,209
75,75,other,cropped_ds\other\85.png,21,25,527,210,552,231
76,76,no_stopping,cropped_ds\no_stopping\86.png,94,112,574,108,686,202
77,77,other,cropped_ds\stop\87.png,29,31,101,147,132,176
78,78,other,cropped_ds\pedestrian\88.png,32,33,167,159,200,191
79,79,no_stopping,cropped_ds\no_stopping\89.png,20,20,340,313,360,333
80,80,other,cropped_ds\other\90.png,19,12,316,326,328,345
81,81,other,cropped_ds\other\91.png,15,17,342,332,359,347
82,82,no_entry_for_vehicles,cropped_ds\no_entry_for_vehicles\92.png,30,37,201,228,238,258
83,83,other,cropped_ds\pedestrian\93.png,46,47,297,168,344,214
84,84,no_stopping,cropped_ds\no_stopping\94.png,32,30,272,163,302,195
85,85,no_stopping,cropped_ds\no_stopping\95.png,40,43,130,208,173,248
86,86,other,cropped_ds\one_way_street\96.png,57,53,247,120,300,177
87,87,other,cropped_ds\other\97.png,98,77,242,172,319,270
88,88,other,cropped_ds\other\98.png,22,36,134,245,170,267
89,89,other,cropped_ds\one_way_street\99.png,68,80,325,162,405,230
90,90,other,cropped_ds\one_way_street\100.png,26,27,248,153,275,179
91,91,other,cropped_ds\one_way_street\101.png,82,63,117,71,180,153
92,92,other,cropped_ds\no_vehicles_taller_than_indicated\102.png,66,51,185,89,236,155
93,93,parking,cropped_ds\parking\103.png,107,51,315,168,366,275
94,94,other,cropped_ds\other\104.png,53,40,310,272,350,325
95,95,other,cropped_ds\other\109.png,36,27,335,93,362,129
96,96,other,cropped_ds\one_way_street\110.png,17,19,338,78,357,95
97,97,parking,cropped_ds\parking\111.png,19,15,264,91,279,110
98,98,other,cropped_ds\one_way_street\112.png,51,46,83,121,129,172
99,99,other,cropped_ds\no_vehicles_taller_than_indicated\113.png,48,39,134,119,173,167
100,100,other,cropped_ds\one_way_street\114.png,41,47,177,108,224,149
101,101,other,cropped_ds\one_way_street\115.png,19,17,743,234,760,253
102,102,parking,cropped_ds\parking\116.png,22,16,623,246,639,268
103,103,parking,cropped_ds\parking\117.png,16,19,339,261,358,277
104,104,other,cropped_ds\other\119.png,51,66,125,227,191,278
105,105,other,cropped_ds\other\120.png,18,18,621,266,639,284
106,106,other,cropped_ds\other\121.png,35,23,740,252,763,287
107,107,other,cropped_ds\other\122.png,18,22,321,260,343,278
108,108,other,cropped_ds\one_way_street\123.png,17,21,321,244,342,261
109,109,no_entry_for_vehicles,cropped_ds\no_entry_for_vehicles\124.png,36,20,584,223,604,259
110,110,other,cropped_ds\one_way_street\125.png,2379,2374,249,373,2623,2752
111,111,other,cropped_ds\one_way_street\128.png,44,60,392,173,452,217
112,112,other,cropped_ds\one_way_street\131.png,39,39,171,108,210,147
113,113,other,cropped_ds\endof_pedestrian_zone\133.png,1286,938,1025,494,1963,1780
114,114,no_stopping,cropped_ds\no_stopping\134.png,883,828,1346,1745,2174,2628
115,115,no_stopping,cropped_ds\no_stopping\135.png,28,24,227,161,251,189
116,116,other,cropped_ds\one_way_street\136.png,21,23,230,123,253,144
117,117,other,cropped_ds\other\137.png,20,23,230,142,253,162
118,118,parking,cropped_ds\parking\138.png,30,23,121,112,144,142
119,119,parking,cropped_ds\parking\139.png,39,35,543,139,578,178
120,120,other,cropped_ds\other\140.png,34,20,176,156,196,190
121,121,other,cropped_ds\other\141.png,27,12,181,132,193,159
122,122,other,cropped_ds\other\142.png,18,31,549,178,580,196
123,123,other,cropped_ds\one_way_street\144.png,30,33,541,110,574,140
124,124,other,cropped_ds\one_way_street\145.png,25,15,180,111,195,136
125,125,other,cropped_ds\one_way_street\146.png,18,18,318,141,336,159
126,126,parking,cropped_ds\parking\147.png,21,17,122,132,139,153
127,127,parking,cropped_ds\parking\148.png,13,8,150,137,158,150
128,128,other,cropped_ds\other\149.png,34,34,131,94,165,128
129,129,other,cropped_ds\other\150.png,18,22,61,90,83,108
130,130,other,cropped_ds\other\152.png,734,708,1280,713,1988,1447
131,131,other,cropped_ds\priority_road\153.png,50,56,684,117,740,167
132,132,parking,cropped_ds\parking\155.png,32,32,280,111,312,143
133,133,parking,cropped_ds\parking\156.png,54,45,35,93,80,147
134,134,other,cropped_ds\other\157.png,37,25,111,103,136,140
135,135,other,cropped_ds\endof_pedestrian_zone\158.png,705,526,1201,1195,1727,1900
136,136,parking,cropped_ds\parking\159.png,27,18,1484,2114,1502,2141
137,137,other,cropped_ds\other\160.png,29,32,128,178,160,207
138,138,other,cropped_ds\other\161.png,15,18,444,218,462,233
139,139,other,cropped_ds\other\162.png,46,51,863,183,914,229
140,140,other,cropped_ds\other\163.png,20,56,860,226,916,246
141,141,other,cropped_ds\other\164.png,22,15,687,213,702,235
142,142,parking,cropped_ds\parking\165.png,42,28,127,134,155,176
143,143,parking,cropped_ds\parking\166.png,21,16,445,198,461,219
144,144,parking,cropped_ds\parking\167.png,11,9,535,209,544,220
145,145,parking,cropped_ds\parking\168.png,64,52,865,121,917,185
146,146,other,cropped_ds\one_way_street\169.png,51,52,866,74,918,125
147,147,other,cropped_ds\one_way_street\170.png,17,16,341,67,357,84
148,148,parking,cropped_ds\parking\171.png,17,12,265,78,277,95
149,149,parking,cropped_ds\parking\172.png,10,9,125,93,134,103
150,150,parking,cropped_ds\parking\173.png,44,28,116,63,144,107
151,151,other,cropped_ds\other\174.png,29,29,116,104,145,133
152,152,other,cropped_ds\other\175.png,9,21,121,141,142,150
153,153,other,cropped_ds\other\176.png,12,23,120,131,143,143
154,154,other,cropped_ds\other\177.png,17,20,896,126,916,143
155,155,other,cropped_ds\priority_road\178.png,21,27,894,105,921,126
156,156,other,cropped_ds\priority_road\179.png,50,50,537,67,587,117
157,157,other,cropped_ds\no_right_turn\180.png,53,57,533,117,590,170
158,158,other,cropped_ds\other\181.png,37,38,543,169,581,206
159,159,other,cropped_ds\other\182.png,49,54,742,135,796,184
160,160,other,cropped_ds\other\183.png,91,98,603,146,701,237
161,161,other,cropped_ds\other\184.png,30,92,603,232,695,262
162,162,other,cropped_ds\other\185.png,30,90,603,259,693,289
163,163,parking,cropped_ds\parking\187.png,31,25,113,88,138,119
164,164,parking,cropped_ds\parking\188.png,16,12,233,124,245,140
165,165,parking,cropped_ds\parking\189.png,29,24,596,100,620,129
166,166,other,cropped_ds\pedestrian\190.png,43,41,683,119,724,162
167,167,other,cropped_ds\other\191.png,23,23,596,130,619,153
168,168,other,cropped_ds\other\192.png,9,24,596,152,620,161
169,169,other,cropped_ds\other\193.png,19,25,114,118,139,137
170,170,other,cropped_ds\other\194.png,17,12,394,134,406,151
171,171,other,cropped_ds\other\195.png,81,65,542,321,607,402
172,172,other,cropped_ds\other\202.png,10,37,341,270,378,280
173,173,other,cropped_ds\other\204.png,39,54,98,141,152,180
174,174,other,cropped_ds\other\205.png,38,58,97,184,155,222
175,175,other,cropped_ds\other\206.png,29,40,618,161,658,190
176,176,other,cropped_ds\other\207.png,18,16,90,156,106,174
177,177,other,cropped_ds\other\208.png,11,11,198,175,209,186
178,178,other,cropped_ds\other\209.png,11,38,619,190,657,201
179,179,other,cropped_ds\pedestrian\210.png,50,71,743,149,814,199
180,180,other,cropped_ds\one_way_street\211.png,30,38,622,94,660,124
181,181,parking,cropped_ds\parking\212.png,42,40,620,122,660,164
182,182,parking,cropped_ds\parking\213.png,24,18,89,133,107,157
183,183,parking,cropped_ds\parking\214.png,17,12,198,160,210,177
184,184,other,cropped_ds\other\215.png,19,15,379,168,394,187
185,185,other,cropped_ds\endof_pedestrian_zone\216.png,1496,1148,949,382,2097,1878
186,186,other,cropped_ds\other\217.png,16,26,121,213,147,229
187,187,other,cropped_ds\other\218.png,8,28,120,229,148,237
188,188,parking,cropped_ds\parking\219.png,44,28,121,170,149,214
189,189,parking,cropped_ds\parking\220.png,50,77,66,192,143,242
190,190,no_stopping,cropped_ds\no_stopping\221.png,67,100,46,131,146,198
191,191,parking,cropped_ds\parking\222.png,33,21,516,178,537,211
192,192,other,cropped_ds\other\223.png,21,20,516,210,536,231
193,193,other,cropped_ds\endof_pedestrian_zone\227.png,101,74,332,139,406,240
194,194,no_entry_for_vehicles,cropped_ds\no_entry_for_vehicles\231.png,51,20,195,158,215,209
195,195,no_entry_for_vehicles,cropped_ds\no_entry_for_vehicles\232.png,37,30,778,212,808,249
196,196,parking,cropped_ds\parking\233.png,39,34,543,139,577,178
197,197,parking,cropped_ds\parking\234.png,30,20,122,114,142,144
198,198,other,cropped_ds\one_way_street\235.png,26,13,182,111,195,137
199,199,other,cropped_ds\one_way_street\236.png,30,32,542,111,574,141
200,200,other,cropped_ds\other\237.png,30,19,176,158,195,188
201,201,other,cropped_ds\other\238.png,23,11,182,135,193,158
202,202,other,cropped_ds\other\239.png,13,18,121,144,139,157
203,203,other,cropped_ds\other\241.png,19,32,548,177,580,196
204,204,other,cropped_ds\other\242.png,19,31,550,194,581,213
205,205,other,cropped_ds\other\243.png,131,240,1145,1627,1385,1758
206,206,parking,cropped_ds\parking\244.png,289,222,1166,1345,1388,1634
207,207,parking,cropped_ds\parking\245.png,503,358,1359,923,1717,1426
208,208,other,cropped_ds\other\246.png,219,339,1343,1394,1682,1613
209,209,other,cropped_ds\other\248.png,274,661,301,1795,962,2069
210,210,other,cropped_ds\other\249.png,487,696,323,1395,1019,1882
211,211,parking,cropped_ds\parking\250.png,952,718,388,591,1106,1543
212,212,other,cropped_ds\other\252.png,189,136,1473,2601,1609,2790
213,213,parking,cropped_ds\parking\253.png,1404,987,314,278,1301,1682
214,214,other,cropped_ds\other\254.png,743,926,297,1391,1223,2134
215,215,other,cropped_ds\other\255.png,461,957,223,1973,1180,2434
216,216,other,cropped_ds\other\256.png,187,600,1262,2360,1862,2547
217,217,other,cropped_ds\other\257.png,561,596,1258,1817,1854,2378
218,218,parking,cropped_ds\parking\258.png,670,570,1262,1186,1832,1856
219,219,parking,cropped_ds\parking\259.png,1144,882,1180,434,2062,1578
220,220,other,cropped_ds\other\260.png,940,948,1219,1473,2167,2413
221,221,other,cropped_ds\other\261.png,713,800,910,1647,1710,2360
222,222,parking,cropped_ds\parking\263.png,597,442,394,1045,836,1642
223,223,other,cropped_ds\other\264.png,265,438,398,1625,836,1890
224,224,other,cropped_ds\other\265.png,145,428,401,1887,829,2032
225,225,other,cropped_ds\other\266.png,273,421,1553,1469,1974,1742
226,226,other,cropped_ds\other\267.png,144,452,1546,1732,1998,1876
227,227,parking,cropped_ds\parking\268.png,593,442,1542,897,1984,1490
228,228,parking,cropped_ds\parking\269.png,400,288,516,1242,804,1642
229,229,parking,cropped_ds\parking\270.png,345,247,2134,1390,2381,1735
230,230,other,cropped_ds\other\271.png,87,253,2136,1720,2389,1807
231,231,other,cropped_ds\other\272.png,82,242,2144,1800,2386,1882
232,232,other,cropped_ds\other\273.png,175,293,516,1627,809,1802
233,233,other,cropped_ds\other\274.png,107,292,514,1785,806,1892
234,234,other,cropped_ds\no_right_turn\275.png,25,28,851,124,879,149
235,235,other,cropped_ds\priority_road\276.png,23,25,853,100,878,123
236,236,other,cropped_ds\other\277.png,24,24,902,135,926,159
237,237,other,cropped_ds\one_way_street\278.png,18,19,317,141,336,159
238,238,parking,cropped_ds\parking\279.png,20,17,121,132,138,152
239,239,parking,cropped_ds\parking\280.png,13,10,150,137,160,150
240,240,parking,cropped_ds\parking\281.png,10,8,171,134,179,144
241,241,parking,cropped_ds\parking\282.png,55,45,65,157,110,212
242,242,parking,cropped_ds\parking\283.png,17,14,339,210,353,227
243,243,other,cropped_ds\other\284.png,41,45,64,209,109,250
244,244,other,cropped_ds\other\285.png,27,19,558,220,577,247
245,245,other,cropped_ds\other\286.png,19,14,339,226,353,245
246,246,other,cropped_ds\endof_pedestrian_zone\287.png,114,79,302,70,381,184
247,247,no_stopping,cropped_ds\no_stopping\290.png,35,49,419,147,468,182
248,248,parking,cropped_ds\parking\291.png,32,33,421,87,454,119
249,249,parking,cropped_ds\parking\292.png,13,14,291,125,305,138
250,250,other,cropped_ds\turn_right_ahead\293.png,14,16,196,126,212,140
251,251,other,cropped_ds\yield\294.png,14,19,194,113,213,127
252,252,parking,cropped_ds\parking\295.png,42,25,73,111,98,153
253,253,other,cropped_ds\other\298.png,17,22,75,152,97,169
254,254,other,cropped_ds\other\299.png,10,24,74,169,98,179
255,255,other,cropped_ds\other\300.png,16,22,110,102,132,118
256,256,other,cropped_ds\other\301.png,14,25,108,119,133,133
257,257,parking,cropped_ds\parking\302.png,37,23,110,67,133,104
258,258,other,cropped_ds\yield\303.png,18,20,72,332,92,350
259,259,other,cropped_ds\turn_right_ahead\304.png,19,17,74,349,91,368
260,260,parking,cropped_ds\parking\305.png,17,20,219,345,239,362
261,261,parking,cropped_ds\parking\306.png,69,58,637,247,695,316
262,262,other,cropped_ds\other\307.png,47,52,652,313,704,360
263,263,other,cropped_ds\other\308.png,27,51,409,227,460,254
264,264,parking,cropped_ds\parking\309.png,70,60,406,158,466,228
265,265,parking,cropped_ds\parking\310.png,56,24,79,54,103,110
266,266,parking,cropped_ds\parking\311.png,47,24,142,43,166,90
267,267,other,cropped_ds\other\312.png,29,22,81,108,103,137
268,268,other,cropped_ds\other\313.png,33,20,142,92,162,125
269,269,other,cropped_ds\other\314.png,14,24,140,122,164,136
270,270,other,cropped_ds\other\316.png,18,34,379,227,413,245
271,271,other,cropped_ds\other\317.png,11,33,381,244,414,255
272,272,parking,cropped_ds\parking\319.png,42,35,378,185,413,227
273,273,parking,cropped_ds\parking\320.png,43,25,280,130,305,173
274,274,other,cropped_ds\other\321.png,20,27,272,171,299,191
275,275,other,cropped_ds\other\322.png,23,29,268,187,297,210
276,276,other,cropped_ds\other\323.png,40,79,116,224,195,264
277,277,other,cropped_ds\other\324.png,34,23,739,253,762,287
278,278,other,cropped_ds\other\325.png,18,17,621,267,638,285
279,279,parking,cropped_ds\parking\326.png,57,68,138,176,206,233
280,280,parking,cropped_ds\parking\327.png,19,18,339,261,357,280
281,281,parking,cropped_ds\parking\328.png,18,17,203,243,220,261
282,282,parking,cropped_ds\parking\329.png,22,18,622,246,640,268
283,283,other,cropped_ds\one_way_street\330.png,20,16,743,234,759,254
284,284,other,cropped_ds\endof_zone\331.png,752,569,1232,930,1801,1682
285,285,other,cropped_ds\cycleway\332.png,35,27,434,81,461,116
286,286,other,cropped_ds\pedestrian\333.png,144,163,327,79,490,223
287,287,other,cropped_ds\pedestrian\334.png,65,50,576,125,626,190
288,288,no_stopping,cropped_ds\no_stopping\335.png,39,41,822,118,863,157
289,289,other,cropped_ds\no_pedestrians\336.png,72,58,340,156,398,228
290,290,other,cropped_ds\other\337.png,74,62,338,88,400,162
291,291,other,cropped_ds\priority_road\338.png,88,67,335,6,402,94
292,292,other,cropped_ds\other\340.png,41,51,490,76,541,117
293,293,other,cropped_ds\pedestrian\341.png,37,50,492,114,542,151
294,294,other,cropped_ds\other\343.png,32,35,13,108,48,140
295,295,other,cropped_ds\priority_road\344.png,41,42,10,71,52,112
296,296,other,cropped_ds\priority_road\345.png,62,73,99,141,172,203
297,297,other,cropped_ds\pedestrian\346.png,52,53,103,200,156,252
298,298,other,cropped_ds\pedestrian\347.png,56,86,757,170,843,226
299,299,other,cropped_ds\priority_road\348.png,72,88,733,102,821,174
300,300,other,cropped_ds\priority_road\349.png,19,20,363,128,383,147
301,301,other,cropped_ds\priority_road\350.png,19,23,359,110,382,129
302,302,other,cropped_ds\pedestrian\351.png,47,69,742,152,811,199
303,303,other,cropped_ds\one_way_street\352.png,32,39,623,92,662,124
304,304,parking,cropped_ds\parking\353.png,40,37,622,123,659,163
305,305,parking,cropped_ds\parking\354.png,27,17,90,131,107,158
306,306,parking,cropped_ds\parking\355.png,15,12,198,161,210,176
307,307,other,cropped_ds\other\356.png,18,17,90,156,107,174
308,308,other,cropped_ds\other\357.png,18,14,380,169,394,187
309,309,other,cropped_ds\other\358.png,30,42,617,162,659,192
310,310,other,cropped_ds\pedestrian\359.png,117,118,403,141,521,258
311,311,other,cropped_ds\endof_zone\360.png,1222,935,997,995,1932,2217
312,312,other,cropped_ds\one_way_street\363.png,15,13,536,206,549,221
313,313,other,cropped_ds\other\364.png,26,38,72,213,110,239
314,314,other,cropped_ds\other\365.png,45,49,117,196,166,241
315,315,other,cropped_ds\other\366.png,13,51,115,242,166,255
316,316,other,cropped_ds\one_way_street\367.png,49,50,120,87,170,136
317,317,parking,cropped_ds\parking\368.png,62,52,118,134,170,196
318,318,other,cropped_ds\pedestrian\369.png,126,127,325,123,452,249
319,319,other,cropped_ds\pedestrian\370.png,95,95,29,84,124,179
320,320,other,cropped_ds\pedestrian\371.png,130,148,314,119,462,249
321,321,other,cropped_ds\one_way_street\372.png,47,52,118,87,170,134
322,322,parking,cropped_ds\parking\373.png,61,48,120,134,168,195
323,323,other,cropped_ds\other\374.png,43,54,113,197,167,240
324,324,other,cropped_ds\pedestrian\376.png,63,55,326,192,381,255
325,325,no_stopping,cropped_ds\no_stopping\377.png,68,69,642,164,711,232
326,326,other,cropped_ds\pedestrian\378.png,44,36,187,187,223,231
327,327,other,cropped_ds\pedestrian\379.png,30,30,170,161,200,191
328,328,other,cropped_ds\stop\380.png,31,30,102,147,132,178
329,329,other,cropped_ds\pedestrian\382.png,37,33,688,121,721,158
330,330,other,cropped_ds\one_way_street\383.png,24,23,598,78,621,102
331,331,parking,cropped_ds\parking\384.png,32,25,597,100,622,132
332,332,parking,cropped_ds\parking\385.png,30,24,114,89,138,119
333,333,parking,cropped_ds\parking\386.png,15,12,234,125,246,140
334,334,other,cropped_ds\other\387.png,21,23,115,117,138,138
335,335,other,cropped_ds\other\388.png,9,23,116,138,139,147
336,336,other,cropped_ds\other\389.png,21,23,596,131,619,152
337,337,other,cropped_ds\other\390.png,10,27,593,151,620,161
338,338,other,cropped_ds\other\391.png,85,61,42,179,103,264
339,339,other,cropped_ds\other\392.png,27,52,46,264,98,291
340,340,other,cropped_ds\other\393.png,62,47,731,248,778,310
341,341,parking,cropped_ds\parking\394.png,123,64,45,64,109,187
342,342,parking,cropped_ds\parking\395.png,81,43,731,168,774,249
343,343,other,cropped_ds\pedestrian\396.png,40,41,301,171,342,211
344,344,no_stopping,cropped_ds\no_stopping\397.png,29,29,273,162,302,191
345,345,no_entry_for_vehicles,cropped_ds\no_entry_for_vehicles\398.png,20,21,233,94,254,114
346,346,parking,cropped_ds\parking\399.png,15,11,35,82,46,97
347,347,other,cropped_ds\pedestrian\400.png,96,56,360,115,416,211
348,348,other,cropped_ds\pedestrian\401.png,38,38,431,335,469,373
349,349,no_stopping,cropped_ds\no_stopping\402.png,26,28,402,327,430,353
350,350,other,cropped_ds\pedestrian_zone\403.png,84,90,369,93,459,177
351,351,other,cropped_ds\one_way_street\404.png,42,55,394,172,449,214
352,352,other,cropped_ds\other\405.png,43,57,396,213,453,256
353,353,other,cropped_ds\pedestrian_zone\406.png,110,88,220,123,308,233
354,354,other,cropped_ds\pedestrian_zone\407.png,76,68,265,158,333,234
355,355,other,cropped_ds\pedestrian_zone\408.png,800,600,1280,1013,1880,1813
356,356,other,cropped_ds\pedestrian_zone\409.png,909,713,1184,986,1897,1895
357,357,other,cropped_ds\pedestrian_zone\410.png,1374,1152,784,778,1936,2152
358,358,no_entry_for_vehicles,cropped_ds\no_entry_for_vehicles\412.png,39,22,581,221,603,260
359,359,other,cropped_ds\one_way_street\413.png,17,20,322,244,342,261
360,360,other,cropped_ds\other\414.png,16,20,322,260,342,276
361,361,no_entry_for_vehicles,cropped_ds\no_entry_for_vehicles\415.png,43,27,579,219,606,262
362,362,other,cropped_ds\one_way_street\416.png,16,20,321,243,341,259
363,363,other,cropped_ds\pedestrian_zone\417.png,90,74,119,210,193,300
364,364,other,cropped_ds\shared_pedestrian_and_cycle_path\418.png,200,167,1219,1290,1386,1490
365,365,other,cropped_ds\shared_pedestrian_and_cycle_path\419.png,227,200,1256,1063,1456,1290
366,366,other,cropped_ds\endof_pedestrian_zone\420.png,1613,1278,1049,1939,2327,3552
367,367,other,cropped_ds\speed_limit_zone\422.png,1609,1669,445,73,2114,1682
368,368,other,cropped_ds\endof_pedestrian_zone\423.png,1766,1313,793,1573,2106,3339
369,369,other,cropped_ds\endof_pedestrian_zone\424.png,1774,1387,1019,1769,2406,3543
370,370,other,cropped_ds\speed_limit_zone\425.png,1613,1665,732,243,2397,1856
371,371,other,cropped_ds\stop\426.png,530,291,1210,1206,1501,1736
372,372,other,cropped_ds\other\427.png,422,270,1240,1684,1510,2106
373,373,other,cropped_ds\other\428.png,662,445,922,1994,1367,2656
374,374,other,cropped_ds\stop\430.png,33,35,128,103,163,136
375,375,other,cropped_ds\pedestrian\431.png,33,35,200,118,235,151
376,376,other,cropped_ds\stop\432.png,109,123,551,137,674,246
377,377,no_entry_for_vehicles,cropped_ds\no_entry_for_vehicles\433.png,52,58,311,224,369,276
378,378,parking,cropped_ds\parking\434.png,64,33,100,203,133,267
379,379,other,cropped_ds\pass_on_right\435.png,44,39,513,288,552,332
380,380,other,cropped_ds\turn_left_ahead\437.png,195,199,1483,1465,1682,1660
381,381,no_entry_for_vehicles,cropped_ds\no_entry_for_vehicles\438.png,71,62,856,1683,918,1754
382,382,other,cropped_ds\cycleway\439.png,65,67,940,1738,1007,1803
383,383,other,cropped_ds\turn_left_ahead\440.png,586,572,815,949,1387,1535
384,384,other,cropped_ds\turn_right_ahead\441.png,59,90,572,352,662,411
385,385,other,cropped_ds\yield\442.png,57,107,541,295,648,352
386,386,no_entry_for_vehicles,cropped_ds\no_entry_for_vehicles\443.png,10,15,220,392,235,402
387,387,no_entry_for_vehicles,cropped_ds\no_entry_for_vehicles\444.png,10,10,67,389,77,399
388,388,other,cropped_ds\turn_right_here\445.png,39,41,311,65,352,104
389,389,no_entry_for_vehicles,cropped_ds\no_entry_for_vehicles\446.png,65,66,40,165,106,230
390,390,no_entry_for_vehicles,cropped_ds\no_entry_for_vehicles\447.png,52,56,757,180,813,232
391,391,no_entry_for_vehicles,cropped_ds\no_entry_for_vehicles\448.png,26,28,305,245,333,271
392,392,other,cropped_ds\turn_left_ahead\449.png,37,53,696,294,749,331
393,393,no_entry_for_vehicles,cropped_ds\no_entry_for_vehicles\450.png,49,62,321,175,383,224
394,394,no_entry_for_vehicles,cropped_ds\no_entry_for_vehicles\451.png,24,34,355,232,389,256
395,395,no_entry_for_vehicles,cropped_ds\no_entry_for_vehicles\452.png,42,37,102,91,139,133
396,396,no_entry_for_vehicles,cropped_ds\no_entry_for_vehicles\453.png,47,43,151,301,194,348
397,397,no_entry_for_vehicles,cropped_ds\no_entry_for_vehicles\454.png,31,40,141,174,181,205
398,398,other,cropped_ds\pass_on_right\455.png,31,30,408,239,438,270
399,399,other,cropped_ds\turn_left_or_right_only\456.png,21,17,563,222,580,243
400,400,other,cropped_ds\pedestrian\457.png,14,13,555,201,568,215
401,401,other,cropped_ds\no_left_turn\458.png,17,18,552,184,570,201
402,402,other,cropped_ds\yield\459.png,19,23,549,164,572,183
403,403,other,cropped_ds\other\460.png,23,20,338,226,358,249
404,404,other,cropped_ds\cycleway\461.png,425,269,1146,1369,1415,1794
405,405,no_entry_for_vehicles,cropped_ds\no_entry_for_vehicles\462.png,442,324,746,983,1070,1425
406,406,no_entry_for_vehicles,cropped_ds\no_entry_for_vehicles\463.png,77,102,5,175,107,252
407,407,no_entry_for_vehicles,cropped_ds\no_entry_for_vehicles\464.png,54,66,352,197,418,251
408,408,no_entry_for_vehicles,cropped_ds\no_entry_for_vehicles\465.png,21,19,70,138,89,159
409,409,no_entry_for_vehicles,cropped_ds\no_entry_for_vehicles\466.png,20,19,449,123,468,143
410,410,other,cropped_ds\other\467.png,20,19,522,92,541,112
411,411,no_entry_for_vehicles,cropped_ds\no_entry_for_vehicles\468.png,57,70,72,254,142,311
412,412,other,cropped_ds\other\469.png,42,52,75,306,127,348
413,413,other,cropped_ds\no_entry_for_vehicles(both_directions)\470.png,21,24,771,305,795,326
414,414,no_entry_for_vehicles,cropped_ds\no_entry_for_vehicles\471.png,457,439,1110,934,1549,1391
415,415,no_entry_for_vehicles,cropped_ds\no_entry_for_vehicles\473.png,682,661,836,913,1497,1595
416,416,other,cropped_ds\other\475.png,713,913,488,1221,1401,1934
417,417,no_entry_for_vehicles,cropped_ds\no_entry_for_vehicles\476.png,1235,1179,388,165,1567,1400
418,418,no_entry_for_vehicles,cropped_ds\no_entry_for_vehicles\477.png,1417,922,736,291,1658,1708
419,419,other,cropped_ds\other\478.png,913,813,727,1443,1540,2356
420,420,other,cropped_ds\other\479.png,1200,613,780,1360,1393,2560
421,421,no_entry_for_vehicles,cropped_ds\no_entry_for_vehicles\480.png,1765,696,810,39,1506,1804
422,422,other,cropped_ds\cycleway\483.png,441,290,1070,856,1360,1297
423,423,no_entry_for_vehicles,cropped_ds\no_entry_for_vehicles\484.png,494,307,673,438,980,932
424,424,no_entry_for_vehicles,cropped_ds\no_entry_for_vehicles\486.png,1339,2309,271,526,2580,1865
425,425,no_entry_for_vehicles,cropped_ds\no_entry_for_vehicles\487.png,1648,2678,93,269,2771,1917
426,426,other,cropped_ds\other\488.png,1753,2983,23,1886,3006,3639
427,427,no_entry_for_vehicles,cropped_ds\no_entry_for_vehicles\489.png,113,89,1448,1203,1537,1316
428,428,no_entry_for_vehicles,cropped_ds\no_entry_for_vehicles\490.png,108,100,1536,1243,1636,1351
429,429,no_entry_for_vehicles,cropped_ds\no_entry_for_vehicles\491.png,159,153,1444,1287,1597,1446
430,430,no_entry_for_vehicles,cropped_ds\no_entry_for_vehicles\492.png,202,194,1683,1425,1877,1627
431,431,no_entry_for_vehicles,cropped_ds\no_entry_for_vehicles\493.png,267,250,1371,1170,1621,1437
432,432,no_entry_for_vehicles,cropped_ds\no_entry_for_vehicles\494.png,381,349,1293,763,1642,1144
433,433,other,cropped_ds\other\495.png,183,245,1336,1112,1581,1295
434,434,other,cropped_ds\other\496.png,296,413,971,1073,1384,1369
435,435,no_entry_for_vehicles,cropped_ds\no_entry_for_vehicles\497.png,518,526,923,621,1449,1139
436,436,no_entry_for_vehicles,cropped_ds\no_entry_for_vehicles\498.png,230,239,1284,1313,1523,1543
437,437,other,cropped_ds\cycleway\499.png,73,64,383,45,447,118
438,438,no_entry_for_vehicles,cropped_ds\no_entry_for_vehicles\500.png,266,208,1519,1147,1727,1413
439,439,no_entry_for_vehicles,cropped_ds\no_entry_for_vehicles\501.png,269,261,1475,1717,1736,1986
440,440,other,cropped_ds\other\503.png,274,456,1267,2108,1723,2382
441,441,no_entry_for_vehicles,cropped_ds\no_entry_for_vehicles\504.png,513,591,1193,1621,1784,2134
442,442,no_entry_for_vehicles,cropped_ds\no_entry_for_vehicles\505.png,739,796,627,626,1423,1365
443,443,other,cropped_ds\other\507.png,700,1017,910,1508,1927,2208
444,444,no_entry_for_vehicles,cropped_ds\no_entry_for_vehicles\508.png,896,1026,945,669,1971,1565
445,445,no_entry_for_vehicles,cropped_ds\no_entry_for_vehicles\509.png,214,148,1185,1386,1333,1600
446,446,other,cropped_ds\cycleway\510.png,207,116,1372,1565,1488,1772
447,447,other,cropped_ds\cycleway\511.png,421,304,1118,1373,1422,1794
448,448,no_entry_for_vehicles,cropped_ds\no_entry_for_vehicles\512.png,445,297,756,997,1053,1442
449,449,no_entry_for_vehicles,cropped_ds\no_entry_for_vehicles\513.png,479,331,660,435,991,914
450,450,other,cropped_ds\cycleway\514.png,462,310,1053,832,1363,1294
451,451,no_entry_for_vehicles,cropped_ds\no_entry_for_vehicles\515.png,12,15,128,163,143,175
452,452,no_entry_for_vehicles,cropped_ds\no_entry_for_vehicles\516.png,13,16,295,165,311,178
453,453,other,cropped_ds\turn_left_ahead\517.png,13,13,280,189,293,202
454,454,other,cropped_ds\other\518.png,24,23,5,184,28,208
455,455,no_entry_for_vehicles,cropped_ds\no_entry_for_vehicles\519.png,82,37,117,67,154,149
456,456,other,cropped_ds\other\522.png,36,22,355,65,377,101
457,457,other,cropped_ds\cycleway\523.png,77,53,107,161,160,238
458,458,no_entry_for_vehicles,cropped_ds\no_entry_for_vehicles\524.png,50,55,133,104,188,154
459,459,other,cropped_ds\other\525.png,67,44,394,154,438,221
460,460,other,cropped_ds\other\526.png,34,46,394,51,440,85
461,461,other,cropped_ds\other\527.png,18,22,23,118,45,136
462,462,no_entry_for_vehicles,cropped_ds\no_entry_for_vehicles\528.png,39,41,291,133,332,172
463,463,no_entry_for_vehicles,cropped_ds\no_entry_for_vehicles\530.png,23,24,373,127,397,150
464,464,other,cropped_ds\pass_on_right\531.png,20,21,530,170,551,190
465,465,other,cropped_ds\pedestrian\532.png,13,14,625,140,639,153
466,466,other,cropped_ds\no_left_turn\533.png,16,17,623,126,640,142
467,467,other,cropped_ds\yield\534.png,15,21,621,110,642,125
468,468,other,cropped_ds\turn_left_or_right_only\535.png,19,16,632,157,648,176
469,469,other,cropped_ds\pass_on_right\536.png,13,10,648,163,658,176
470,470,other,cropped_ds\no_entry_for_vehicles(both_directions)\537.png,269,302,1014,1145,1316,1414
471,471,other,cropped_ds\other\538.png,198,198,1064,1405,1262,1603
472,472,other,cropped_ds\yield\539.png,58,54,22,13,76,71
473,473,other,cropped_ds\no_left_turn\540.png,51,48,27,67,75,118
474,474,other,cropped_ds\turn_left_or_right_only\542.png,54,47,59,171,106,225
475,475,no_entry_for_vehicles,cropped_ds\no_entry_for_vehicles\544.png,33,37,143,172,180,205
476,476,other,cropped_ds\pass_on_right\545.png,30,28,408,239,436,269
477,477,other,cropped_ds\pedestrian\547.png,14,14,554,201,568,215
478,478,other,cropped_ds\no_left_turn\548.png,16,17,552,184,569,200
479,479,other,cropped_ds\yield\549.png,18,20,551,165,571,183
480,480,other,cropped_ds\no_motor_vehicles\553.png,1573,1578,549,526,2127,2099
481,481,other,cropped_ds\yield\554.png,46,73,549,229,622,275
482,482,other,cropped_ds\no_right_turn\555.png,49,77,554,275,631,324
483,483,other,cropped_ds\no_right_turn\556.png,24,35,324,259,359,283
484,484,other,cropped_ds\yield\557.png,22,31,324,237,355,259
485,485,other,cropped_ds\other\558.png,33,52,411,236,463,269
486,486,other,cropped_ds\cycleway\559.png,32,35,61,85,96,117
487,487,other,cropped_ds\other\560.png,25,24,574,230,598,255
488,488,other,cropped_ds\no_right_turn\561.png,26,28,525,219,553,245
489,489,other,cropped_ds\priority_road\562.png,22,23,528,198,551,220
490,490,no_entry_for_vehicles,cropped_ds\no_entry_for_vehicles\563.png,59,66,380,273,446,332
491,491,other,cropped_ds\other\564.png,52,27,640,199,667,251
492,492,other,cropped_ds\other\565.png,22,23,566,272,589,294
493,493,other,cropped_ds\other\566.png,15,14,522,297,536,312
494,494,no_entry_for_vehicles,cropped_ds\no_entry_for_vehicles\567.png,32,30,282,161,312,193
495,495,no_entry_for_vehicles,cropped_ds\no_entry_for_vehicles\568.png,8,8,251,194,259,202
496,496,other,cropped_ds\yield\569.png,11,10,317,191,327,202
497,497,other,cropped_ds\other\570.png,30,28,21,172,49,202
498,498,other,cropped_ds\other\571.png,34,36,16,141,52,175
499,499,no_entry_for_vehicles,cropped_ds\no_entry_for_vehicles\572.png,63,95,98,158,193,221
500,500,no_entry_for_vehicles,cropped_ds\no_entry_for_vehicles\573.png,78,71,1281,100,1352,178
501,501,other,cropped_ds\yield\574.png,19,30,211,210,241,229
502,502,other,cropped_ds\other\575.png,28,31,1175,112,1206,140
503,503,no_entry_for_vehicles,cropped_ds\no_entry_for_vehicles\576.png,50,60,578,194,638,244
504,504,no_entry_for_vehicles,cropped_ds\no_entry_for_vehicles\577.png,21,22,156,216,178,237
505,505,other,cropped_ds\yield\578.png,40,42,560,133,602,173
506,506,other,cropped_ds\no_right_turn\580.png,74,76,308,146,384,220
507,507,other,cropped_ds\priority_road\581.png,70,77,306,79,383,149
508,508,no_stopping,cropped_ds\no_stopping\583.png,50,57,81,88,138,138
509,509,no_stopping,cropped_ds\no_stopping\584.png,38,41,60,60,101,98
510,510,no_stopping,cropped_ds\no_stopping\585.png,24,20,70,52,90,76
511,511,other,cropped_ds\endof_pedestrian_zone\586.png,187,249,8,182,257,369
512,512,other,cropped_ds\one_way_street\587.png,11,10,692,174,702,185
513,513,parking,cropped_ds\parking\588.png,12,10,692,185,702,197
514,514,no_stopping,cropped_ds\no_stopping\589.png,64,68,544,292,612,356
515,515,parking,cropped_ds\parking\590.png,47,50,326,192,376,239
516,516,other,cropped_ds\other\591.png,34,43,335,236,378,270
517,517,no_stopping,cropped_ds\no_stopping\592.png,189,203,71,21,274,210
518,518,no_stopping,cropped_ds\no_stopping\593.png,64,64,297,339,361,403
519,519,parking,cropped_ds\parking\594.png,67,66,76,216,142,283
520,520,other,cropped_ds\other\595.png,50,70,65,273,135,323
521,521,other,cropped_ds\other\596.png,54,45,507,242,552,296
522,522,other,cropped_ds\other\597.png,28,56,523,214,579,242
523,523,other,cropped_ds\other\598.png,36,122,77,376,199,412
524,524,other,cropped_ds\other\599.png,29,40,302,399,342,428
525,525,no_stopping,cropped_ds\no_stopping\600.png,28,29,245,123,274,151
526,526,other,cropped_ds\other\601.png,31,25,248,147,273,178
527,527,other,cropped_ds\other\602.png,13,24,234,121,258,134
528,528,other,cropped_ds\other\603.png,22,31,425,119,456,141
529,529,no_stopping,cropped_ds\no_stopping\604.png,35,44,421,147,465,182
530,530,parking,cropped_ds\parking\605.png,36,32,421,86,453,122
531,531,parking,cropped_ds\parking\606.png,14,18,289,124,307,138
532,532,other,cropped_ds\turn_right_ahead\607.png,14,17,196,126,213,140
533,533,other,cropped_ds\yield\608.png,13,19,193,113,212,126
534,534,no_stopping,cropped_ds\no_stopping\609.png,56,47,403,239,450,295
535,535,parking,cropped_ds\parking\610.png,23,16,214,183,230,206
536,536,parking,cropped_ds\parking\611.png,13,11,74,202,85,215
537,537,no_stopping,cropped_ds\no_stopping\612.png,16,12,71,224,83,240
538,538,other,cropped_ds\yield\613.png,9,10,4,207,14,216
539,539,no_stopping,cropped_ds\no_stopping\615.png,64,80,433,207,513,271
540,540,other,cropped_ds\other\617.png,44,35,295,273,330,317
541,541,other,cropped_ds\other\618.png,33,41,202,181,243,214
542,542,no_stopping,cropped_ds\no_stopping\619.png,35,44,195,148,239,183
543,543,no_stopping,cropped_ds\no_stopping\620.png,79,82,460,288,542,367
544,544,no_stopping,cropped_ds\no_stopping\621.png,37,37,134,271,171,308
545,545,parking,cropped_ds\parking\622.png,50,42,385,178,427,228
546,546,parking,cropped_ds\parking\623.png,30,30,151,211,181,241
547,547,parking,cropped_ds\parking\624.png,17,21,82,247,103,264
548,548,other,cropped_ds\other\625.png,31,29,430,197,459,228
549,549,other,cropped_ds\other\626.png,36,36,386,230,422,266
550,550,other,cropped_ds\other\628.png,24,30,153,243,183,267
551,551,other,cropped_ds\endof_pedestrian_zone\630.png,37,32,91,138,123,175
552,552,no_stopping,cropped_ds\no_stopping\635.png,17,16,566,234,582,251
553,553,other,cropped_ds\other\636.png,16,12,544,245,556,261
554,554,no_stopping,cropped_ds\no_stopping\638.png,84,83,973,223,1056,307
555,555,other,cropped_ds\other\639.png,66,63,1011,14,1074,80
556,556,other,cropped_ds\no_right_turn\640.png,26,23,551,261,574,287
557,557,other,cropped_ds\priority_road\641.png,23,26,549,239,575,262
558,558,other,cropped_ds\other\642.png,24,24,596,273,620,297
559,559,no_stopping,cropped_ds\no_stopping\643.png,65,60,402,181,462,246
560,560,no_stopping,cropped_ds\no_stopping\644.png,26,24,63,204,87,230
561,561,no_stopping,cropped_ds\no_stopping\645.png,53,55,75,218,130,271
562,562,other,cropped_ds\other\646.png,48,52,77,270,129,318
563,563,other,cropped_ds\other\648.png,11,12,198,201,210,212
564,564,no_entry_for_vehicles,cropped_ds\no_entry_for_vehicles\649.png,18,14,198,183,212,201
565,565,no_stopping,cropped_ds\no_stopping\650.png,31,32,260,202,292,233
566,566,no_stopping,cropped_ds\no_stopping\651.png,135,106,195,346,301,481
567,567,no_stopping,cropped_ds\no_stopping\652.png,36,44,573,135,617,171
568,568,other,cropped_ds\priority_road\655.png,18,24,402,176,426,194
569,569,other,cropped_ds\endof_pedestrian_zone\657.png,1626,1260,1080,1943,2340,3569
570,0,parking,augmented\51_0.png,32,20,517,180,537,212
571,0,parking,augmented\51_1.png,32,20,517,180,537,212
572,0,parking,augmented\76_0.png,39,30,498,170,528,209
573,0,parking,augmented\76_1.png,39,30,498,170,528,209
574,0,parking,augmented\77_0.png,25,20,369,190,389,215
575,0,parking,augmented\77_1.png,25,20,369,190,389,215
576,0,parking,augmented\78_0.png,18,13,330,216,343,234
577,0,parking,augmented\78_1.png,18,13,330,216,343,234
578,0,parking,augmented\103_0.png,107,51,315,168,366,275
579,0,parking,augmented\103_1.png,107,51,315,168,366,275
580,0,parking,augmented\111_0.png,19,15,264,91,279,110
581,0,parking,augmented\111_1.png,19,15,264,91,279,110
582,0,parking,augmented\116_0.png,22,16,623,246,639,268
583,0,parking,augmented\116_1.png,22,16,623,246,639,268
584,0,parking,augmented\117_0.png,16,19,339,261,358,277
585,0,parking,augmented\117_1.png,16,19,339,261,358,277
586,0,parking,augmented\138_0.png,30,23,121,112,144,142
587,0,parking,augmented\138_1.png,30,23,121,112,144,142
588,0,parking,augmented\139_0.png,39,35,543,139,578,178
589,0,parking,augmented\139_1.png,39,35,543,139,578,178
590,0,parking,augmented\147_0.png,21,17,122,132,139,153
591,0,parking,augmented\147_1.png,21,17,122,132,139,153
592,0,parking,augmented\148_0.png,13,8,150,137,158,150
593,0,parking,augmented\148_1.png,13,8,150,137,158,150
594,0,parking,augmented\155_0.png,32,32,280,111,312,143
595,0,parking,augmented\155_1.png,32,32,280,111,312,143
596,0,parking,augmented\156_0.png,54,45,35,93,80,147
597,0,parking,augmented\156_1.png,54,45,35,93,80,147
598,0,parking,augmented\159_0.png,27,18,1484,2114,1502,2141
599,0,parking,augmented\159_1.png,27,18,1484,2114,1502,2141
600,0,parking,augmented\165_0.png,42,28,127,134,155,176
601,0,parking,augmented\165_1.png,42,28,127,134,155,176
602,0,parking,augmented\166_0.png,21,16,445,198,461,219
603,0,parking,augmented\166_1.png,21,16,445,198,461,219
604,0,parking,augmented\167_0.png,11,9,535,209,544,220
605,0,parking,augmented\167_1.png,11,9,535,209,544,220
606,0,parking,augmented\168_0.png,64,52,865,121,917,185
607,0,parking,augmented\168_1.png,64,52,865,121,917,185
608,0,parking,augmented\171_0.png,17,12,265,78,277,95
609,0,parking,augmented\171_1.png,17,12,265,78,277,95
610,0,parking,augmented\172_0.png,10,9,125,93,134,103
611,0,parking,augmented\172_1.png,10,9,125,93,134,103
612,0,parking,augmented\173_0.png,44,28,116,63,144,107
613,0,parking,augmented\173_1.png,44,28,116,63,144,107
614,0,parking,augmented\187_0.png,31,25,113,88,138,119
615,0,parking,augmented\187_1.png,31,25,113,88,138,119
616,0,parking,augmented\188_0.png,16,12,233,124,245,140
617,0,parking,augmented\188_1.png,16,12,233,124,245,140
618,0,parking,augmented\189_0.png,29,24,596,100,620,129
619,0,parking,augmented\189_1.png,29,24,596,100,620,129
620,0,parking,augmented\212_0.png,42,40,620,122,660,164
621,0,parking,augmented\212_1.png,42,40,620,122,660,164
622,0,parking,augmented\213_0.png,24,18,89,133,107,157
623,0,parking,augmented\213_1.png,24,18,89,133,107,157
624,0,parking,augmented\214_0.png,17,12,198,160,210,177
625,0,parking,augmented\214_1.png,17,12,198,160,210,177
626,0,parking,augmented\219_0.png,44,28,121,170,149,214
627,0,parking,augmented\219_1.png,44,28,121,170,149,214
628,0,parking,augmented\220_0.png,50,77,66,192,143,242
629,0,parking,augmented\220_1.png,50,77,66,192,143,242
630,0,parking,augmented\222_0.png,33,21,516,178,537,211
631,0,parking,augmented\222_1.png,33,21,516,178,537,211
632,0,parking,augmented\233_0.png,39,34,543,139,577,178
633,0,parking,augmented\233_1.png,39,34,543,139,577,178
634,0,parking,augmented\234_0.png,30,20,122,114,142,144
635,0,parking,augmented\234_1.png,30,20,122,114,142,144
636,0,parking,augmented\244_0.png,289,222,1166,1345,1388,1634
637,0,parking,augmented\244_1.png,289,222,1166,1345,1388,1634
638,0,parking,augmented\245_0.png,503,358,1359,923,1717,1426
639,0,parking,augmented\245_1.png,503,358,1359,923,1717,1426
640,0,parking,augmented\250_0.png,952,718,388,591,1106,1543
641,0,parking,augmented\250_1.png,952,718,388,591,1106,1543
642,0,parking,augmented\253_0.png,1404,987,314,278,1301,1682
643,0,parking,augmented\253_1.png,1404,987,314,278,1301,1682
644,0,parking,augmented\258_0.png,670,570,1262,1186,1832,1856
645,0,parking,augmented\258_1.png,670,570,1262,1186,1832,1856
646,0,parking,augmented\259_0.png,1144,882,1180,434,2062,1578
647,0,parking,augmented\259_1.png,1144,882,1180,434,2062,1578
648,0,parking,augmented\263_0.png,597,442,394,1045,836,1642
649,0,parking,augmented\263_1.png,597,442,394,1045,836,1642
650,0,parking,augmented\268_0.png,593,442,1542,897,1984,1490
651,0,parking,augmented\268_1.png,593,442,1542,897,1984,1490
652,0,parking,augmented\269_0.png,400,288,516,1242,804,1642
653,0,parking,augmented\269_1.png,400,288,516,1242,804,1642
654,0,parking,augmented\270_0.png,345,247,2134,1390,2381,1735
655,0,parking,augmented\270_1.png,345,247,2134,1390,2381,1735
656,0,parking,augmented\279_0.png,20,17,121,132,138,152
657,0,parking,augmented\279_1.png,20,17,121,132,138,152
658,0,parking,augmented\280_0.png,13,10,150,137,160,150
659,0,parking,augmented\280_1.png,13,10,150,137,160,150
660,0,parking,augmented\281_0.png,10,8,171,134,179,144
661,0,parking,augmented\281_1.png,10,8,171,134,179,144
662,0,parking,augmented\282_0.png,55,45,65,157,110,212
663,0,parking,augmented\282_1.png,55,45,65,157,110,212
664,0,parking,augmented\283_0.png,17,14,339,210,353,227
665,0,parking,augmented\283_1.png,17,14,339,210,353,227
666,0,parking,augmented\291_0.png,32,33,421,87,454,119
667,0,parking,augmented\291_1.png,32,33,421,87,454,119
668,0,parking,augmented\292_0.png,13,14,291,125,305,138
669,0,parking,augmented\292_1.png,13,14,291,125,305,138
670,0,parking,augmented\295_0.png,42,25,73,111,98,153
671,0,parking,augmented\295_1.png,42,25,73,111,98,153
672,0,parking,augmented\302_0.png,37,23,110,67,133,104
673,0,parking,augmented\302_1.png,37,23,110,67,133,104
674,0,parking,augmented\305_0.png,17,20,219,345,239,362
675,0,parking,augmented\305_1.png,17,20,219,345,239,362
676,0,parking,augmented\306_0.png,69,58,637,247,695,316
677,0,parking,augmented\306_1.png,69,58,637,247,695,316
678,0,parking,augmented\309_0.png,70,60,406,158,466,228
679,0,parking,augmented\309_1.png,70,60,406,158,466,228
680,0,parking,augmented\310_0.png,56,24,79,54,103,110
681,0,parking,augmented\310_1.png,56,24,79,54,103,110
682,0,parking,augmented\311_0.png,47,24,142,43,166,90
683,0,parking,augmented\311_1.png,47,24,142,43,166,90
684,0,parking,augmented\319_0.png,42,35,378,185,413,227
685,0,parking,augmented\319_1.png,42,35,378,185,413,227
686,0,parking,augmented\320_0.png,43,25,280,130,305,173
687,0,parking,augmented\320_1.png,43,25,280,130,305,173
688,0,parking,augmented\326_0.png,57,68,138,176,206,233
689,0,parking,augmented\326_1.png,57,68,138,176,206,233
690,0,parking,augmented\327_0.png,19,18,339,261,357,280
691,0,parking,augmented\327_1.png,19,18,339,261,357,280
692,0,parking,augmented\328_0.png,18,17,203,243,220,261
693,0,parking,augmented\328_1.png,18,17,203,243,220,261
694,0,parking,augmented\329_0.png,22,18,622,246,640,268
695,0,parking,augmented\329_1.png,22,18,622,246,640,268
696,0,parking,augmented\353_0.png,40,37,622,123,659,163
697,0,parking,augmented\353_1.png,40,37,622,123,659,163
698,0,parking,augmented\354_0.png,27,17,90,131,107,158
699,0,parking,augmented\354_1.png,27,17,90,131,107,158
700,0,parking,augmented\355_0.png,15,12,198,161,210,176
701,0,parking,augmented\355_1.png,15,12,198,161,210,176
702,0,parking,augmented\368_0.png,62,52,118,134,170,196
703,0,parking,augmented\368_1.png,62,52,118,134,170,196
704,0,parking,augmented\373_0.png,61,48,120,134,168,195
705,0,parking,augmented\373_1.png,61,48,120,134,168,195
706,0,parking,augmented\384_0.png,32,25,597,100,622,132
707,0,parking,augmented\384_1.png,32,25,597,100,622,132
708,0,parking,augmented\385_0.png,30,24,114,89,138,119
709,0,parking,augmented\385_1.png,30,24,114,89,138,119
710,0,parking,augmented\386_0.png,15,12,234,125,246,140
711,0,parking,augmented\386_1.png,15,12,234,125,246,140
712,0,parking,augmented\394_0.png,123,64,45,64,109,187
713,0,parking,augmented\394_1.png,123,64,45,64,109,187
714,0,parking,augmented\395_0.png,81,43,731,168,774,249
715,0,parking,augmented\395_1.png,81,43,731,168,774,249
716,0,parking,augmented\399_0.png,15,11,35,82,46,97
717,0,parking,augmented\399_1.png,15,11,35,82,46,97
718,0,parking,augmented\434_0.png,64,33,100,203,133,267
719,0,parking,augmented\434_1.png,64,33,100,203,133,267
720,0,parking,augmented\588_0.png,12,10,692,185,702,197
721,0,parking,augmented\588_1.png,12,10,692,185,702,197
722,0,parking,augmented\590_0.png,47,50,326,192,376,239
723,0,parking,augmented\590_1.png,47,50,326,192,376,239
724,0,parking,augmented\594_0.png,67,66,76,216,142,283
725,0,parking,augmented\594_1.png,67,66,76,216,142,283
726,0,parking,augmented\605_0.png,36,32,421,86,453,122
727,0,parking,augmented\605_1.png,36,32,421,86,453,122
728,0,parking,augmented\606_0.png,14,18,289,124,307,138
729,0,parking,augmented\606_1.png,14,18,289,124,307,138
730,0,parking,augmented\610_0.png,23,16,214,183,230,206
731,0,parking,augmented\610_1.png,23,16,214,183,230,206
732,0,parking,augmented\611_0.png,13,11,74,202,85,215
733,0,parking,augmented\611_1.png,13,11,74,202,85,215
734,0,parking,augmented\622_0.png,50,42,385,178,427,228
735,0,parking,augmented\622_1.png,50,42,385,178,427,228
736,0,parking,augmented\623_0.png,30,30,151,211,181,241
737,0,parking,augmented\623_1.png,30,30,151,211,181,241
738,0,parking,augmented\624_0.png,17,21,82,247,103,264
739,0,parking,augmented\624_1.png,17,21,82,247,103,264
740,0,parking,augmented\51_0.png,32,20,517,180,537,212
741,0,parking,augmented\51_1.png,32,20,517,180,537,212
742,0,parking,augmented\76_0.png,39,30,498,170,528,209
743,0,parking,augmented\76_1.png,39,30,498,170,528,209
744,0,parking,augmented\77_0.png,25,20,369,190,389,215
745,0,parking,augmented\77_1.png,25,20,369,190,389,215
746,0,parking,augmented\78_0.png,18,13,330,216,343,234
747,0,parking,augmented\78_1.png,18,13,330,216,343,234
748,0,parking,augmented\103_0.png,107,51,315,168,366,275
749,0,parking,augmented\103_1.png,107,51,315,168,366,275
750,0,parking,augmented\111_0.png,19,15,264,91,279,110
751,0,parking,augmented\111_1.png,19,15,264,91,279,110
752,0,parking,augmented\116_0.png,22,16,623,246,639,268
753,0,parking,augmented\116_1.png,22,16,623,246,639,268
754,0,parking,augmented\117_0.png,16,19,339,261,358,277
755,0,parking,augmented\117_1.png,16,19,339,261,358,277
756,0,parking,augmented\138_0.png,30,23,121,112,144,142
757,0,parking,augmented\138_1.png,30,23,121,112,144,142
758,0,parking,augmented\139_0.png,39,35,543,139,578,178
759,0,parking,augmented\139_1.png,39,35,543,139,578,178
760,0,parking,augmented\147_0.png,21,17,122,132,139,153
761,0,parking,augmented\147_1.png,21,17,122,132,139,153
762,0,parking,augmented\148_0.png,13,8,150,137,158,150
763,0,parking,augmented\148_1.png,13,8,150,137,158,150
764,0,parking,augmented\155_0.png,32,32,280,111,312,143
765,0,parking,augmented\155_1.png,32,32,280,111,312,143
766,0,parking,augmented\156_0.png,54,45,35,93,80,147
767,0,parking,augmented\156_1.png,54,45,35,93,80,147
768,0,parking,augmented\159_0.png,27,18,1484,2114,1502,2141
769,0,parking,augmented\159_1.png,27,18,1484,2114,1502,2141
770,0,parking,augmented\165_0.png,42,28,127,134,155,176
771,0,parking,augmented\165_1.png,42,28,127,134,155,176
772,0,parking,augmented\166_0.png,21,16,445,198,461,219
773,0,parking,augmented\166_1.png,21,16,445,198,461,219
774,0,parking,augmented\167_0.png,11,9,535,209,544,220
775,0,parking,augmented\167_1.png,11,9,535,209,544,220
776,0,parking,augmented\168_0.png,64,52,865,121,917,185
777,0,parking,augmented\168_1.png,64,52,865,121,917,185
778,0,parking,augmented\171_0.png,17,12,265,78,277,95
779,0,parking,augmented\171_1.png,17,12,265,78,277,95
780,0,parking,augmented\172_0.png,10,9,125,93,134,103
781,0,parking,augmented\172_1.png,10,9,125,93,134,103
782,0,parking,augmented\173_0.png,44,28,116,63,144,107
783,0,parking,augmented\173_1.png,44,28,116,63,144,107
784,0,parking,augmented\187_0.png,31,25,113,88,138,119
785,0,parking,augmented\187_1.png,31,25,113,88,138,119
786,0,parking,augmented\188_0.png,16,12,233,124,245,140
787,0,parking,augmented\188_1.png,16,12,233,124,245,140
788,0,parking,augmented\189_0.png,29,24,596,100,620,129
789,0,parking,augmented\189_1.png,29,24,596,100,620,129
790,0,parking,augmented\212_0.png,42,40,620,122,660,164
791,0,parking,augmented\212_1.png,42,40,620,122,660,164
792,0,parking,augmented\213_0.png,24,18,89,133,107,157
793,0,parking,augmented\213_1.png,24,18,89,133,107,157
794,0,parking,augmented\214_0.png,17,12,198,160,210,177
795,0,parking,augmented\214_1.png,17,12,198,160,210,177
796,0,parking,augmented\219_0.png,44,28,121,170,149,214
797,0,parking,augmented\219_1.png,44,28,121,170,149,214
798,0,parking,augmented\220_0.png,50,77,66,192,143,242
799,0,parking,augmented\220_1.png,50,77,66,192,143,242
800,0,parking,augmented\222_0.png,33,21,516,178,537,211
801,0,parking,augmented\222_1.png,33,21,516,178,537,211
802,0,parking,augmented\233_0.png,39,34,543,139,577,178
803,0,parking,augmented\233_1.png,39,34,543,139,577,178
804,0,parking,augmented\234_0.png,30,20,122,114,142,144
805,0,parking,augmented\234_1.png,30,20,122,114,142,144
806,0,parking,augmented\244_0.png,289,222,1166,1345,1388,1634
807,0,parking,augmented\244_1.png,289,222,1166,1345,1388,1634
808,0,parking,augmented\245_0.png,503,358,1359,923,1717,1426
809,0,parking,augmented\245_1.png,503,358,1359,923,1717,1426
810,0,parking,augmented\250_0.png,952,718,388,591,1106,1543
811,0,parking,augmented\250_1.png,952,718,388,591,1106,1543
812,0,parking,augmented\253_0.png,1404,987,314,278,1301,1682
813,0,parking,augmented\253_1.png,1404,987,314,278,1301,1682
814,0,parking,augmented\258_0.png,670,570,1262,1186,1832,1856
815,0,parking,augmented\258_1.png,670,570,1262,1186,1832,1856
816,0,parking,augmented\259_0.png,1144,882,1180,434,2062,1578
817,0,parking,augmented\259_1.png,1144,882,1180,434,2062,1578
818,0,parking,augmented\263_0.png,597,442,394,1045,836,1642
819,0,parking,augmented\263_1.png,597,442,394,1045,836,1642
820,0,parking,augmented\268_0.png,593,442,1542,897,1984,1490
821,0,parking,augmented\268_1.png,593,442,1542,897,1984,1490
822,0,parking,augmented\269_0.png,400,288,516,1242,804,1642
823,0,parking,augmented\269_1.png,400,288,516,1242,804,1642
824,0,parking,augmented\270_0.png,345,247,2134,1390,2381,1735
825,0,parking,augmented\270_1.png,345,247,2134,1390,2381,1735
826,0,parking,augmented\279_0.png,20,17,121,132,138,152
827,0,parking,augmented\279_1.png,20,17,121,132,138,152
828,0,parking,augmented\280_0.png,13,10,150,137,160,150
829,0,parking,augmented\280_1.png,13,10,150,137,160,150
830,0,parking,augmented\281_0.png,10,8,171,134,179,144
831,0,parking,augmented\281_1.png,10,8,171,134,179,144
832,0,parking,augmented\282_0.png,55,45,65,157,110,212
833,0,parking,augmented\282_1.png,55,45,65,157,110,212
834,0,parking,augmented\283_0.png,17,14,339,210,353,227
835,0,parking,augmented\283_1.png,17,14,339,210,353,227
836,0,parking,augmented\291_0.png,32,33,421,87,454,119
837,0,parking,augmented\291_1.png,32,33,421,87,454,119
838,0,parking,augmented\292_0.png,13,14,291,125,305,138
839,0,no_entry_for_vehicles,augmented\4_0.png,21,18,119,153,137,174
840,0,no_entry_for_vehicles,augmented\4_1.png,21,18,119,153,137,174
841,0,no_entry_for_vehicles,augmented\14_0.png,43,49,421,118,470,161
842,0,no_entry_for_vehicles,augmented\14_1.png,43,49,421,118,470,161
843,0,no_entry_for_vehicles,augmented\46_0.png,27,23,212,136,235,163
844,0,no_entry_for_vehicles,augmented\46_1.png,27,23,212,136,235,163
845,0,no_entry_for_vehicles,augmented\68_0.png,32,23,470,289,493,321
846,0,no_entry_for_vehicles,augmented\68_1.png,32,23,470,289,493,321
847,0,no_entry_for_vehicles,augmented\79_0.png,13,13,78,216,91,229
848,0,no_entry_for_vehicles,augmented\79_1.png,13,13,78,216,91,229
849,0,no_entry_for_vehicles,augmented\80_0.png,12,13,235,218,248,230
850,0,no_entry_for_vehicles,augmented\80_1.png,12,13,235,218,248,230
851,0,no_entry_for_vehicles,augmented\92_0.png,30,37,201,228,238,258
852,0,no_entry_for_vehicles,augmented\92_1.png,30,37,201,228,238,258
853,0,no_entry_for_vehicles,augmented\124_0.png,36,20,584,223,604,259
854,0,no_entry_for_vehicles,augmented\124_1.png,36,20,584,223,604,259
855,0,no_entry_for_vehicles,augmented\231_0.png,51,20,195,158,215,209
856,0,no_entry_for_vehicles,augmented\231_1.png,51,20,195,158,215,209
857,0,no_entry_for_vehicles,augmented\232_0.png,37,30,778,212,808,249
858,0,no_entry_for_vehicles,augmented\232_1.png,37,30,778,212,808,249
859,0,no_entry_for_vehicles,augmented\398_0.png,20,21,233,94,254,114
860,0,no_entry_for_vehicles,augmented\398_1.png,20,21,233,94,254,114
861,0,no_entry_for_vehicles,augmented\412_0.png,39,22,581,221,603,260
862,0,no_entry_for_vehicles,augmented\412_1.png,39,22,581,221,603,260
863,0,no_entry_for_vehicles,augmented\415_0.png,43,27,579,219,606,262
864,0,no_entry_for_vehicles,augmented\415_1.png,43,27,579,219,606,262
865,0,no_entry_for_vehicles,augmented\433_0.png,52,58,311,224,369,276
866,0,no_entry_for_vehicles,augmented\433_1.png,52,58,311,224,369,276
867,0,no_entry_for_vehicles,augmented\438_0.png,71,62,856,1683,918,1754
868,0,no_entry_for_vehicles,augmented\438_1.png,71,62,856,1683,918,1754
869,0,no_entry_for_vehicles,augmented\443_0.png,10,15,220,392,235,402
870,0,no_entry_for_vehicles,augmented\443_1.png,10,15,220,392,235,402
871,0,no_entry_for_vehicles,augmented\444_0.png,10,10,67,389,77,399
872,0,no_entry_for_vehicles,augmented\444_1.png,10,10,67,389,77,399
873,0,no_entry_for_vehicles,augmented\446_0.png,65,66,40,165,106,230
874,0,no_entry_for_vehicles,augmented\446_1.png,65,66,40,165,106,230
875,0,no_entry_for_vehicles,augmented\447_0.png,52,56,757,180,813,232
876,0,no_entry_for_vehicles,augmented\447_1.png,52,56,757,180,813,232
877,0,no_entry_for_vehicles,augmented\448_0.png,26,28,305,245,333,271
878,0,no_entry_for_vehicles,augmented\448_1.png,26,28,305,245,333,271
879,0,no_entry_for_vehicles,augmented\450_0.png,49,62,321,175,383,224
880,0,no_entry_for_vehicles,augmented\450_1.png,49,62,321,175,383,224
881,0,no_entry_for_vehicles,augmented\451_0.png,24,34,355,232,389,256
882,0,no_entry_for_vehicles,augmented\451_1.png,24,34,355,232,389,256
883,0,no_entry_for_vehicles,augmented\452_0.png,42,37,102,91,139,133
884,0,no_entry_for_vehicles,augmented\452_1.png,42,37,102,91,139,133
885,0,no_entry_for_vehicles,augmented\453_0.png,47,43,151,301,194,348
886,0,no_entry_for_vehicles,augmented\453_1.png,47,43,151,301,194,348
887,0,no_entry_for_vehicles,augmented\454_0.png,31,40,141,174,181,205
888,0,no_entry_for_vehicles,augmented\454_1.png,31,40,141,174,181,205
889,0,no_entry_for_vehicles,augmented\462_0.png,442,324,746,983,1070,1425
890,0,no_entry_for_vehicles,augmented\462_1.png,442,324,746,983,1070,1425
891,0,no_entry_for_vehicles,augmented\463_0.png,77,102,5,175,107,252
892,0,no_entry_for_vehicles,augmented\463_1.png,77,102,5,175,107,252
893,0,no_entry_for_vehicles,augmented\464_0.png,54,66,352,197,418,251
894,0,no_entry_for_vehicles,augmented\464_1.png,54,66,352,197,418,251
895,0,no_entry_for_vehicles,augmented\465_0.png,21,19,70,138,89,159
896,0,no_entry_for_vehicles,augmented\465_1.png,21,19,70,138,89,159
897,0,no_entry_for_vehicles,augmented\466_0.png,20,19,449,123,468,143
898,0,no_entry_for_vehicles,augmented\466_1.png,20,19,449,123,468,143
899,0,no_entry_for_vehicles,augmented\468_0.png,57,70,72,254,142,311
900,0,no_entry_for_vehicles,augmented\468_1.png,57,70,72,254,142,311
901,0,no_entry_for_vehicles,augmented\471_0.png,457,439,1110,934,1549,1391
902,0,no_entry_for_vehicles,augmented\471_1.png,457,439,1110,934,1549,1391
903,0,no_entry_for_vehicles,augmented\473_0.png,682,661,836,913,1497,1595
904,0,no_entry_for_vehicles,augmented\473_1.png,682,661,836,913,1497,1595
905,0,no_entry_for_vehicles,augmented\476_0.png,1235,1179,388,165,1567,1400
906,0,no_entry_for_vehicles,augmented\476_1.png,1235,1179,388,165,1567,1400
907,0,no_entry_for_vehicles,augmented\477_0.png,1417,922,736,291,1658,1708
908,0,no_entry_for_vehicles,augmented\477_1.png,1417,922,736,291,1658,1708
909,0,no_entry_for_vehicles,augmented\480_0.png,1765,696,810,39,1506,1804
910,0,no_entry_for_vehicles,augmented\480_1.png,1765,696,810,39,1506,1804
911,0,no_entry_for_vehicles,augmented\484_0.png,494,307,673,438,980,932
912,0,no_entry_for_vehicles,augmented\484_1.png,494,307,673,438,980,932
913,0,no_entry_for_vehicles,augmented\486_0.png,1339,2309,271,526,2580,1865
914,0,no_entry_for_vehicles,augmented\486_1.png,1339,2309,271,526,2580,1865
915,0,no_entry_for_vehicles,augmented\487_0.png,1648,2678,93,269,2771,1917
916,0,no_entry_for_vehicles,augmented\487_1.png,1648,2678,93,269,2771,1917
917,0,no_entry_for_vehicles,augmented\489_0.png,113,89,1448,1203,1537,1316
918,0,no_entry_for_vehicles,augmented\489_1.png,113,89,1448,1203,1537,1316
919,0,no_entry_for_vehicles,augmented\490_0.png,108,100,1536,1243,1636,1351
920,0,no_entry_for_vehicles,augmented\490_1.png,108,100,1536,1243,1636,1351
921,0,no_entry_for_vehicles,augmented\491_0.png,159,153,1444,1287,1597,1446
922,0,no_entry_for_vehicles,augmented\491_1.png,159,153,1444,1287,1597,1446
923,0,no_entry_for_vehicles,augmented\492_0.png,202,194,1683,1425,1877,1627
924,0,no_entry_for_vehicles,augmented\492_1.png,202,194,1683,1425,1877,1627
925,0,no_entry_for_vehicles,augmented\493_0.png,267,250,1371,1170,1621,1437
926,0,no_entry_for_vehicles,augmented\493_1.png,267,250,1371,1170,1621,1437
927,0,no_entry_for_vehicles,augmented\494_0.png,381,349,1293,763,1642,1144
928,0,no_entry_for_vehicles,augmented\494_1.png,381,349,1293,763,1642,1144
929,0,no_entry_for_vehicles,augmented\497_0.png,518,526,923,621,1449,1139
930,0,no_entry_for_vehicles,augmented\497_1.png,518,526,923,621,1449,1139
931,0,no_entry_for_vehicles,augmented\498_0.png,230,239,1284,1313,1523,1543
932,0,no_entry_for_vehicles,augmented\498_1.png,230,239,1284,1313,1523,1543
933,0,no_entry_for_vehicles,augmented\500_0.png,266,208,1519,1147,1727,1413
934,0,no_entry_for_vehicles,augmented\500_1.png,266,208,1519,1147,1727,1413
935,0,no_entry_for_vehicles,augmented\501_0.png,269,261,1475,1717,1736,1986
936,0,no_entry_for_vehicles,augmented\501_1.png,269,261,1475,1717,1736,1986
937,0,no_entry_for_vehicles,augmented\504_0.png,513,591,1193,1621,1784,2134
938,0,no_entry_for_vehicles,augmented\504_1.png,513,591,1193,1621,1784,2134
939,0,no_entry_for_vehicles,augmented\505_0.png,739,796,627,626,1423,1365
940,0,no_entry_for_vehicles,augmented\505_1.png,739,796,627,626,1423,1365
941,0,no_entry_for_vehicles,augmented\508_0.png,896,1026,945,669,1971,1565
942,0,no_entry_for_vehicles,augmented\508_1.png,896,1026,945,669,1971,1565
943,0,no_entry_for_vehicles,augmented\509_0.png,214,148,1185,1386,1333,1600
944,0,no_entry_for_vehicles,augmented\509_1.png,214,148,1185,1386,1333,1600
945,0,no_entry_for_vehicles,augmented\512_0.png,445,297,756,997,1053,1442
946,0,no_entry_for_vehicles,augmented\512_1.png,445,297,756,997,1053,1442
947,0,no_entry_for_vehicles,augmented\513_0.png,479,331,660,435,991,914
948,0,no_entry_for_vehicles,augmented\513_1.png,479,331,660,435,991,914
949,0,no_entry_for_vehicles,augmented\515_0.png,12,15,128,163,143,175
950,0,no_entry_for_vehicles,augmented\515_1.png,12,15,128,163,143,175
951,0,no_entry_for_vehicles,augmented\516_0.png,13,16,295,165,311,178
952,0,no_entry_for_vehicles,augmented\516_1.png,13,16,295,165,311,178
953,0,no_entry_for_vehicles,augmented\519_0.png,82,37,117,67,154,149
954,0,no_entry_for_vehicles,augmented\519_1.png,82,37,117,67,154,149
955,0,no_entry_for_vehicles,augmented\524_0.png,50,55,133,104,188,154
956,0,no_entry_for_vehicles,augmented\524_1.png,50,55,133,104,188,154
957,0,no_entry_for_vehicles,augmented\528_0.png,39,41,291,133,332,172
958,0,no_entry_for_vehicles,augmented\528_1.png,39,41,291,133,332,172
959,0,no_entry_for_vehicles,augmented\530_0.png,23,24,373,127,397,150
960,0,no_entry_for_vehicles,augmented\530_1.png,23,24,373,127,397,150
961,0,no_entry_for_vehicles,augmented\544_0.png,33,37,143,172,180,205
962,0,no_entry_for_vehicles,augmented\544_1.png,33,37,143,172,180,205
963,0,no_entry_for_vehicles,augmented\563_0.png,59,66,380,273,446,332
964,0,no_entry_for_vehicles,augmented\563_1.png,59,66,380,273,446,332
965,0,no_entry_for_vehicles,augmented\567_0.png,32,30,282,161,312,193
966,0,no_entry_for_vehicles,augmented\567_1.png,32,30,282,161,312,193
967,0,no_entry_for_vehicles,augmented\568_0.png,8,8,251,194,259,202
968,0,no_entry_for_vehicles,augmented\568_1.png,8,8,251,194,259,202
969,0,no_entry_for_vehicles,augmented\572_0.png,63,95,98,158,193,221
970,0,no_entry_for_vehicles,augmented\572_1.png,63,95,98,158,193,221
971,0,no_entry_for_vehicles,augmented\573_0.png,78,71,1281,100,1352,178
972,0,no_entry_for_vehicles,augmented\573_1.png,78,71,1281,100,1352,178
973,0,no_entry_for_vehicles,augmented\576_0.png,50,60,578,194,638,244
974,0,no_entry_for_vehicles,augmented\576_1.png,50,60,578,194,638,244
975,0,no_entry_for_vehicles,augmented\577_0.png,21,22,156,216,178,237
976,0,no_entry_for_vehicles,augmented\577_1.png,21,22,156,216,178,237
977,0,no_entry_for_vehicles,augmented\649_0.png,18,14,198,183,212,201
978,0,no_entry_for_vehicles,augmented\649_1.png,18,14,198,183,212,201
979,0,no_entry_for_vehicles,augmented\4_0.png,21,18,119,153,137,174
980,0,no_entry_for_vehicles,augmented\4_1.png,21,18,119,153,137,174
981,0,no_entry_for_vehicles,augmented\14_0.png,43,49,421,118,470,161
982,0,no_entry_for_vehicles,augmented\14_1.png,43,49,421,118,470,161
983,0,no_entry_for_vehicles,augmented\46_0.png,27,23,212,136,235,163
984,0,no_entry_for_vehicles,augmented\46_1.png,27,23,212,136,235,163
985,0,no_entry_for_vehicles,augmented\68_0.png,32,23,470,289,493,321
986,0,no_entry_for_vehicles,augmented\68_1.png,32,23,470,289,493,321
987,0,no_entry_for_vehicles,augmented\79_0.png,13,13,78,216,91,229
988,0,no_entry_for_vehicles,augmented\79_1.png,13,13,78,216,91,229
989,0,no_entry_for_vehicles,augmented\80_0.png,12,13,235,218,248,230
990,0,no_entry_for_vehicles,augmented\80_1.png,12,13,235,218,248,230
991,0,no_entry_for_vehicles,augmented\92_0.png,30,37,201,228,238,258
992,0,no_entry_for_vehicles,augmented\92_1.png,30,37,201,228,238,258
993,0,no_entry_for_vehicles,augmented\124_0.png,36,20,584,223,604,259
994,0,no_entry_for_vehicles,augmented\124_1.png,36,20,584,223,604,259
995,0,no_entry_for_vehicles,augmented\231_0.png,51,20,195,158,215,209
996,0,no_entry_for_vehicles,augmented\231_1.png,51,20,195,158,215,209
997,0,no_entry_for_vehicles,augmented\232_0.png,37,30,778,212,808,249
998,0,no_entry_for_vehicles,augmented\232_1.png,37,30,778,212,808,249
999,0,no_entry_for_vehicles,augmented\398_0.png,20,21,233,94,254,114
1000,0,no_entry_for_vehicles,augmented\398_1.png,20,21,233,94,254,114
1001,0,no_entry_for_vehicles,augmented\412_0.png,39,22,581,221,603,260
1002,0,no_entry_for_vehicles,augmented\412_1.png,39,22,581,221,603,260
1003,0,no_entry_for_vehicles,augmented\415_0.png,43,27,579,219,606,262
1004,0,no_entry_for_vehicles,augmented\415_1.png,43,27,579,219,606,262
1005,0,no_entry_for_vehicles,augmented\433_0.png,52,58,311,224,369,276
1006,0,no_entry_for_vehicles,augmented\433_1.png,52,58,311,224,369,276
1007,0,no_entry_for_vehicles,augmented\438_0.png,71,62,856,1683,918,1754
1008,0,no_entry_for_vehicles,augmented\438_1.png,71,62,856,1683,918,1754
1009,0,no_entry_for_vehicles,augmented\443_0.png,10,15,220,392,235,402
1010,0,no_entry_for_vehicles,augmented\443_1.png,10,15,220,392,235,402
1011,0,no_entry_for_vehicles,augmented\444_0.png,10,10,67,389,77,399
1012,0,no_entry_for_vehicles,augmented\444_1.png,10,10,67,389,77,399
1013,0,no_entry_for_vehicles,augmented\446_0.png,65,66,40,165,106,230
1014,0,no_entry_for_vehicles,augmented\446_1.png,65,66,40,165,106,230
1015,0,no_entry_for_vehicles,augmented\447_0.png,52,56,757,180,813,232
1016,0,no_entry_for_vehicles,augmented\447_1.png,52,56,757,180,813,232
1017,0,no_entry_for_vehicles,augmented\448_0.png,26,28,305,245,333,271
1018,0,no_entry_for_vehicles,augmented\448_1.png,26,28,305,245,333,271
1019,0,no_entry_for_vehicles,augmented\450_0.png,49,62,321,175,383,224
1020,0,no_entry_for_vehicles,augmented\450_1.png,49,62,321,175,383,224
1021,0,no_entry_for_vehicles,augmented\451_0.png,24,34,355,232,389,256
1022,0,no_entry_for_vehicles,augmented\451_1.png,24,34,355,232,389,256
1023,0,no_entry_for_vehicles,augmented\452_0.png,42,37,102,91,139,133
1024,0,no_entry_for_vehicles,augmented\452_1.png,42,37,102,91,139,133
1025,0,no_entry_for_vehicles,augmented\453_0.png,47,43,151,301,194,348
1026,0,no_entry_for_vehicles,augmented\453_1.png,47,43,151,301,194,348
1027,0,no_entry_for_vehicles,augmented\454_0.png,31,40,141,174,181,205
1028,0,no_entry_for_vehicles,augmented\454_1.png,31,40,141,174,181,205
1029,0,no_entry_for_vehicles,augmented\462_0.png,442,324,746,983,1070,1425
1030,0,no_entry_for_vehicles,augmented\462_1.png,442,324,746,983,1070,1425
1031,0,no_entry_for_vehicles,augmented\463_0.png,77,102,5,175,107,252
1032,0,no_entry_for_vehicles,augmented\463_1.png,77,102,5,175,107,252
1033,0,no_entry_for_vehicles,augmented\464_0.png,54,66,352,197,418,251
1034,0,no_entry_for_vehicles,augmented\464_1.png,54,66,352,197,418,251
1035,0,no_entry_for_vehicles,augmented\465_0.png,21,19,70,138,89,159
1036,0,no_entry_for_vehicles,augmented\465_1.png,21,19,70,138,89,159
1037,0,no_entry_for_vehicles,augmented\466_0.png,20,19,449,123,468,143
1038,0,no_entry_for_vehicles,augmented\466_1.png,20,19,449,123,468,143
1039,0,no_entry_for_vehicles,augmented\468_0.png,57,70,72,254,142,311
1040,0,no_entry_for_vehicles,augmented\468_1.png,57,70,72,254,142,311
1041,0,no_entry_for_vehicles,augmented\471_0.png,457,439,1110,934,1549,1391
1042,0,no_entry_for_vehicles,augmented\471_1.png,457,439,1110,934,1549,1391
1043,0,no_entry_for_vehicles,augmented\473_0.png,682,661,836,913,1497,1595
1044,0,no_entry_for_vehicles,augmented\473_1.png,682,661,836,913,1497,1595
1045,0,no_entry_for_vehicles,augmented\476_0.png,1235,1179,388,165,1567,1400
1046,0,no_entry_for_vehicles,augmented\476_1.png,1235,1179,388,165,1567,1400
1047,0,no_entry_for_vehicles,augmented\477_0.png,1417,922,736,291,1658,1708
1048,0,no_entry_for_vehicles,augmented\477_1.png,1417,922,736,291,1658,1708
1049,0,no_entry_for_vehicles,augmented\480_0.png,1765,696,810,39,1506,1804
1050,0,no_entry_for_vehicles,augmented\480_1.png,1765,696,810,39,1506,1804
1051,0,no_entry_for_vehicles,augmented\484_0.png,494,307,673,438,980,932
1052,0,no_entry_for_vehicles,augmented\484_1.png,494,307,673,438,980,932
1053,0,no_entry_for_vehicles,augmented\486_0.png,1339,2309,271,526,2580,1865
1054,0,no_entry_for_vehicles,augmented\486_1.png,1339,2309,271,526,2580,1865
1055,0,no_entry_for_vehicles,augmented\487_0.png,1648,2678,93,269,2771,1917
1056,0,no_entry_for_vehicles,augmented\487_1.png,1648,2678,93,269,2771,1917
1057,0,no_entry_for_vehicles,augmented\489_0.png,113,89,1448,1203,1537,1316
1058,0,no_entry_for_vehicles,augmented\489_1.png,113,89,1448,1203,1537,1316
1059,0,no_entry_for_vehicles,augmented\490_0.png,108,100,1536,1243,1636,1351
1060,0,no_entry_for_vehicles,augmented\490_1.png,108,100,1536,1243,1636,1351
1061,0,no_entry_for_vehicles,augmented\491_0.png,159,153,1444,1287,1597,1446
1062,0,no_entry_for_vehicles,augmented\491_1.png,159,153,1444,1287,1597,1446
1063,0,no_entry_for_vehicles,augmented\492_0.png,202,194,1683,1425,1877,1627
1064,0,no_entry_for_vehicles,augmented\492_1.png,202,194,1683,1425,1877,1627
1065,0,no_entry_for_vehicles,augmented\493_0.png,267,250,1371,1170,1621,1437
1066,0,no_entry_for_vehicles,augmented\493_1.png,267,250,1371,1170,1621,1437
1067,0,no_entry_for_vehicles,augmented\494_0.png,381,349,1293,763,1642,1144
1068,0,no_entry_for_vehicles,augmented\494_1.png,381,349,1293,763,1642,1144
1069,0,no_entry_for_vehicles,augmented\497_0.png,518,526,923,621,1449,1139
1070,0,no_entry_for_vehicles,augmented\497_1.png,518,526,923,621,1449,1139
1071,0,no_entry_for_vehicles,augmented\498_0.png,230,239,1284,1313,1523,1543
1072,0,no_entry_for_vehicles,augmented\498_1.png,230,239,1284,1313,1523,1543
1073,0,no_entry_for_vehicles,augmented\500_0.png,266,208,1519,1147,1727,1413
1074,0,no_entry_for_vehicles,augmented\500_1.png,266,208,1519,1147,1727,1413
1075,0,no_entry_for_vehicles,augmented\501_0.png,269,261,1475,1717,1736,1986
1076,0,no_entry_for_vehicles,augmented\501_1.png,269,261,1475,1717,1736,1986
1077,0,no_entry_for_vehicles,augmented\504_0.png,513,591,1193,1621,1784,2134
1078,0,no_entry_for_vehicles,augmented\504_1.png,513,591,1193,1621,1784,2134
1079,0,no_entry_for_vehicles,augmented\505_0.png,739,796,627,626,1423,1365
1080,0,no_entry_for_vehicles,augmented\505_1.png,739,796,627,626,1423,1365
1081,0,no_entry_for_vehicles,augmented\508_0.png,896,1026,945,669,1971,1565
1082,0,no_entry_for_vehicles,augmented\508_1.png,896,1026,945,669,1971,1565
1083,0,no_entry_for_vehicles,augmented\509_0.png,214,148,1185,1386,1333,1600
1084,0,no_entry_for_vehicles,augmented\509_1.png,214,148,1185,1386,1333,1600
1085,0,no_entry_for_vehicles,augmented\512_0.png,445,297,756,997,1053,1442
1086,0,no_entry_for_vehicles,augmented\512_1.png,445,297,756,997,1053,1442
1087,0,no_entry_for_vehicles,augmented\513_0.png,479,331,660,435,991,914
1088,0,no_entry_for_vehicles,augmented\513_1.png,479,331,660,435,991,914
1089,0,no_entry_for_vehicles,augmented\515_0.png,12,15,128,163,143,175
1090,0,no_entry_for_vehicles,augmented\515_1.png,12,15,128,163,143,175
1091,0,no_entry_for_vehicles,augmented\516_0.png,13,16,295,165,311,178
1092,0,no_entry_for_vehicles,augmented\516_1.png,13,16,295,165,311,178
1093,0,no_entry_for_vehicles,augmented\519_0.png,82,37,117,67,154,149
1094,0,no_entry_for_vehicles,augmented\519_1.png,82,37,117,67,154,149
1095,0,no_entry_for_vehicles,augmented\524_0.png,50,55,133,104,188,154
1096,0,no_entry_for_vehicles,augmented\524_1.png,50,55,133,104,188,154
1097,0,no_entry_for_vehicles,augmented\528_0.png,39,41,291,133,332,172
1098,0,no_entry_for_vehicles,augmented\528_1.png,39,41,291,133,332,172
1099,0,no_entry_for_vehicles,augmented\530_0.png,23,24,373,127,397,150
1100,0,no_entry_for_vehicles,augmented\530_1.png,23,24,373,127,397,150
1101,0,no_entry_for_vehicles,augmented\544_0.png,33,37,143,172,180,205
1102,0,no_entry_for_vehicles,augmented\544_1.png,33,37,143,172,180,205
1103,0,no_entry_for_vehicles,augmented\563_0.png,59,66,380,273,446,332
1104,0,no_entry_for_vehicles,augmented\563_1.png,59,66,380,273,446,332
1105,0,no_entry_for_vehicles,augmented\567_0.png,32,30,282,161,312,193
1106,0,no_entry_for_vehicles,augmented\567_1.png,32,30,282,161,312,193
1107,0,no_entry_for_vehicles,augmented\568_0.png,8,8,251,194,259,202
1108,0,no_entry_for_vehicles,augmented\568_1.png,8,8,251,194,259,202
1109,0,no_entry_for_vehicles,augmented\572_0.png,63,95,98,158,193,221
1110,0,no_entry_for_vehicles,augmented\572_1.png,63,95,98,158,193,221
1111,0,no_entry_for_vehicles,augmented\573_0.png,78,71,1281,100,1352,178
1112,0,no_entry_for_vehicles,augmented\573_1.png,78,71,1281,100,1352,178
1113,0,no_entry_for_vehicles,augmented\576_0.png,50,60,578,194,638,244
1114,0,no_entry_for_vehicles,augmented\576_1.png,50,60,578,194,638,244
1115,0,no_entry_for_vehicles,augmented\577_0.png,21,22,156,216,178,237
1116,0,no_entry_for_vehicles,augmented\577_1.png,21,22,156,216,178,237
1117,0,no_entry_for_vehicles,augmented\649_0.png,18,14,198,183,212,201
1118,0,no_entry_for_vehicles,augmented\649_1.png,18,14,198,183,212,201
1119,0,no_entry_for_vehicles,augmented\4_0_0.png,21,18,119,153,137,174
1120,0,no_entry_for_vehicles,augmented\4_0_1.png,21,18,119,153,137,174
1121,0,no_entry_for_vehicles,augmented\4_1_0.png,21,18,119,153,137,174
1122,0,no_entry_for_vehicles,augmented\4_1_1.png,21,18,119,153,137,174
1123,0,no_stopping,augmented\2_0.png,29,35,149,120,184,149
1124,0,no_stopping,augmented\2_1.png,29,35,149,120,184,149
1125,0,no_stopping,augmented\3_0.png,50,55,376,155,431,205
1126,0,no_stopping,augmented\3_1.png,50,55,376,155,431,205
1127,0,no_stopping,augmented\5_0.png,49,44,555,253,599,302
1128,0,no_stopping,augmented\5_1.png,49,44,555,253,599,302
1129,0,no_stopping,augmented\7_0.png,79,83,672,131,755,210
1130,0,no_stopping,augmented\7_1.png,79,83,672,131,755,210
1131,0,no_stopping,augmented\9_0.png,35,31,358,126,389,161
1132,0,no_stopping,augmented\9_1.png,35,31,358,126,389,161
1133,0,no_stopping,augmented\13_0.png,64,70,643,165,713,229
1134,0,no_stopping,augmented\13_1.png,64,70,643,165,713,229
1135,0,no_stopping,augmented\16_0.png,67,76,100,259,176,326
1136,0,no_stopping,augmented\16_1.png,67,76,100,259,176,326
1137,0,no_stopping,augmented\17_0.png,190,164,1598,1411,1762,1601
1138,0,no_stopping,augmented\17_1.png,190,164,1598,1411,1762,1601
1139,0,no_stopping,augmented\24_0.png,544,496,1375,1121,1871,1665
1140,0,no_stopping,augmented\24_1.png,544,496,1375,1121,1871,1665
1141,0,no_stopping,augmented\25_0.png,551,572,822,1463,1394,2014
1142,0,no_stopping,augmented\25_1.png,551,572,822,1463,1394,2014
1143,0,no_stopping,augmented\26_0.png,566,566,742,1552,1308,2118
1144,0,no_stopping,augmented\26_1.png,566,566,742,1552,1308,2118
1145,0,no_stopping,augmented\27_0.png,331,303,977,1335,1280,1666
1146,0,no_stopping,augmented\27_1.png,331,303,977,1335,1280,1666
1147,0,no_stopping,augmented\32_0.png,887,869,1322,1745,2191,2632
1148,0,no_stopping,augmented\32_1.png,887,869,1322,1745,2191,2632
1149,0,no_stopping,augmented\37_0.png,779,753,1227,634,1980,1413
1150,0,no_stopping,augmented\37_1.png,779,753,1227,634,1980,1413
1151,0,no_stopping,augmented\38_0.png,483,479,1201,1308,1680,1791
1152,0,no_stopping,augmented\38_1.png,483,479,1201,1308,1680,1791
1153,0,no_stopping,augmented\43_0.png,904,891,967,717,1858,1621
1154,0,no_stopping,augmented\43_1.png,904,891,967,717,1858,1621
1155,0,no_stopping,augmented\48_0.png,62,87,355,280,442,342
1156,0,no_stopping,augmented\48_1.png,62,87,355,280,442,342
1157,0,no_stopping,augmented\49_0.png,66,102,47,129,149,195
1158,0,no_stopping,augmented\49_1.png,66,102,47,129,149,195
1159,0,no_stopping,augmented\55_0.png,62,44,158,122,202,184
1160,0,no_stopping,augmented\55_1.png,62,44,158,122,202,184
1161,0,no_stopping,augmented\56_0.png,29,48,543,205,591,234
1162,0,no_stopping,augmented\56_1.png,29,48,543,205,591,234
1163,0,no_stopping,augmented\60_0.png,40,40,133,209,173,249
1164,0,no_stopping,augmented\60_1.png,40,40,133,209,173,249
1165,0,no_stopping,augmented\62_0.png,102,111,71,226,182,328
1166,0,no_stopping,augmented\62_1.png,102,111,71,226,182,328
1167,0,no_stopping,augmented\64_0.png,159,191,86,276,277,435
1168,0,no_stopping,augmented\64_1.png,159,191,86,276,277,435
1169,0,no_stopping,augmented\67_0.png,60,72,204,199,276,259
1170,0,no_stopping,augmented\67_1.png,60,72,204,199,276,259
1171,0,no_stopping,augmented\70_0.png,331,297,987,1335,1284,1666
1172,0,no_stopping,augmented\70_1.png,331,297,987,1335,1284,1666
1173,0,no_stopping,augmented\71_0.png,76,71,488,310,559,386
1174,0,no_stopping,augmented\71_1.png,76,71,488,310,559,386
1175,0,no_stopping,augmented\75_0.png,55,50,499,250,549,305
1176,0,no_stopping,augmented\75_1.png,55,50,499,250,549,305
1177,0,no_stopping,augmented\86_0.png,94,112,574,108,686,202
1178,0,no_stopping,augmented\86_1.png,94,112,574,108,686,202
1179,0,no_stopping,augmented\89_0.png,20,20,340,313,360,333
1180,0,no_stopping,augmented\89_1.png,20,20,340,313,360,333
1181,0,no_stopping,augmented\94_0.png,32,30,272,163,302,195
1182,0,no_stopping,augmented\94_1.png,32,30,272,163,302,195
1183,0,no_stopping,augmented\95_0.png,40,43,130,208,173,248
1184,0,no_stopping,augmented\95_1.png,40,43,130,208,173,248
1185,0,no_stopping,augmented\134_0.png,883,828,1346,1745,2174,2628
1186,0,no_stopping,augmented\134_1.png,883,828,1346,1745,2174,2628
1187,0,no_stopping,augmented\135_0.png,28,24,227,161,251,189
1188,0,no_stopping,augmented\135_1.png,28,24,227,161,251,189
1189,0,no_stopping,augmented\221_0.png,67,100,46,131,146,198
1190,0,no_stopping,augmented\221_1.png,67,100,46,131,146,198
1191,0,no_stopping,augmented\290_0.png,35,49,419,147,468,182
1192,0,no_stopping,augmented\290_1.png,35,49,419,147,468,182
1193,0,no_stopping,augmented\335_0.png,39,41,822,118,863,157
1194,0,no_stopping,augmented\335_1.png,39,41,822,118,863,157
1195,0,no_stopping,augmented\377_0.png,68,69,642,164,711,232
1196,0,no_stopping,augmented\377_1.png,68,69,642,164,711,232
1197,0,no_stopping,augmented\397_0.png,29,29,273,162,302,191
1198,0,no_stopping,augmented\397_1.png,29,29,273,162,302,191
1199,0,no_stopping,augmented\402_0.png,26,28,402,327,430,353
1200,0,no_stopping,augmented\402_1.png,26,28,402,327,430,353
1201,0,no_stopping,augmented\583_0.png,50,57,81,88,138,138
1202,0,no_stopping,augmented\583_1.png,50,57,81,88,138,138
1203,0,no_stopping,augmented\584_0.png,38,41,60,60,101,98
1204,0,no_stopping,augmented\584_1.png,38,41,60,60,101,98
1205,0,no_stopping,augmented\585_0.png,24,20,70,52,90,76
1206,0,no_stopping,augmented\585_1.png,24,20,70,52,90,76
1207,0,no_stopping,augmented\589_0.png,64,68,544,292,612,356
1208,0,no_stopping,augmented\589_1.png,64,68,544,292,612,356
1209,0,no_stopping,augmented\592_0.png,189,203,71,21,274,210
1210,0,no_stopping,augmented\592_1.png,189,203,71,21,274,210
1211,0,no_stopping,augmented\593_0.png,64,64,297,339,361,403
1212,0,no_stopping,augmented\593_1.png,64,64,297,339,361,403
1213,0,no_stopping,augmented\600_0.png,28,29,245,123,274,151
1214,0,no_stopping,augmented\600_1.png,28,29,245,123,274,151
1215,0,no_stopping,augmented\604_0.png,35,44,421,147,465,182
1216,0,no_stopping,augmented\604_1.png,35,44,421,147,465,182
1217,0,no_stopping,augmented\609_0.png,56,47,403,239,450,295
1218,0,no_stopping,augmented\609_1.png,56,47,403,239,450,295
1219,0,no_stopping,augmented\612_0.png,16,12,71,224,83,240
1220,0,no_stopping,augmented\612_1.png,16,12,71,224,83,240
1221,0,no_stopping,augmented\615_0.png,64,80,433,207,513,271
1222,0,no_stopping,augmented\615_1.png,64,80,433,207,513,271
1223,0,no_stopping,augmented\619_0.png,35,44,195,148,239,183
1224,0,no_stopping,augmented\619_1.png,35,44,195,148,239,183
1225,0,no_stopping,augmented\620_0.png,79,82,460,288,542,367
1226,0,no_stopping,augmented\620_1.png,79,82,460,288,542,367
1227,0,no_stopping,augmented\621_0.png,37,37,134,271,171,308
1228,0,no_stopping,augmented\621_1.png,37,37,134,271,171,308
1229,0,no_stopping,augmented\635_0.png,17,16,566,234,582,251
1230,0,no_stopping,augmented\635_1.png,17,16,566,234,582,251
1231,0,no_stopping,augmented\638_0.png,84,83,973,223,1056,307
1232,0,no_stopping,augmented\638_1.png,84,83,973,223,1056,307
1233,0,no_stopping,augmented\643_0.png,65,60,402,181,462,246
1234,0,no_stopping,augmented\643_1.png,65,60,402,181,462,246
1235,0,no_stopping,augmented\644_0.png,26,24,63,204,87,230
1236,0,no_stopping,augmented\644_1.png,26,24,63,204,87,230
1237,0,no_stopping,augmented\645_0.png,53,55,75,218,130,271
1238,0,no_stopping,augmented\645_1.png,53,55,75,218,130,271
1239,0,no_stopping,augmented\650_0.png,31,32,260,202,292,233
1240,0,no_stopping,augmented\650_1.png,31,32,260,202,292,233
1241,0,no_stopping,augmented\651_0.png,135,106,195,346,301,481
1242,0,no_stopping,augmented\651_1.png,135,106,195,346,301,481
1243,0,no_stopping,augmented\652_0.png,36,44,573,135,617,171
1244,0,no_stopping,augmented\652_1.png,36,44,573,135,617,171
1245,0,no_stopping,augmented\2_0.png,29,35,149,120,184,149
1246,0,no_stopping,augmented\2_1.png,29,35,149,120,184,149
1247,0,no_stopping,augmented\3_0.png,50,55,376,155,431,205
1248,0,no_stopping,augmented\3_1.png,50,55,376,155,431,205
1249,0,no_stopping,augmented\5_0.png,49,44,555,253,599,302
1250,0,no_stopping,augmented\5_1.png,49,44,555,253,599,302
1251,0,no_stopping,augmented\7_0.png,79,83,672,131,755,210
1252,0,no_stopping,augmented\7_1.png,79,83,672,131,755,210
1253,0,no_stopping,augmented\9_0.png,35,31,358,126,389,161
1254,0,no_stopping,augmented\9_1.png,35,31,358,126,389,161
1255,0,no_stopping,augmented\13_0.png,64,70,643,165,713,229
1256,0,no_stopping,augmented\13_1.png,64,70,643,165,713,229
1257,0,no_stopping,augmented\16_0.png,67,76,100,259,176,326
1258,0,no_stopping,augmented\16_1.png,67,76,100,259,176,326
1259,0,no_stopping,augmented\17_0.png,190,164,1598,1411,1762,1601
1260,0,no_stopping,augmented\17_1.png,190,164,1598,1411,1762,1601
1261,0,no_stopping,augmented\24_0.png,544,496,1375,1121,1871,1665
1262,0,no_stopping,augmented\24_1.png,544,496,1375,1121,1871,1665
1263,0,no_stopping,augmented\25_0.png,551,572,822,1463,1394,2014
1264,0,no_stopping,augmented\25_1.png,551,572,822,1463,1394,2014
1265,0,no_stopping,augmented\26_0.png,566,566,742,1552,1308,2118
1266,0,no_stopping,augmented\26_1.png,566,566,742,1552,1308,2118
1267,0,no_stopping,augmented\27_0.png,331,303,977,1335,1280,1666
1268,0,no_stopping,augmented\27_1.png,331,303,977,1335,1280,1666
1269,0,no_stopping,augmented\32_0.png,887,869,1322,1745,2191,2632
1270,0,no_stopping,augmented\32_1.png,887,869,1322,1745,2191,2632
1271,0,no_stopping,augmented\37_0.png,779,753,1227,634,1980,1413
1272,0,no_stopping,augmented\37_1.png,779,753,1227,634,1980,1413
1273,0,no_stopping,augmented\38_0.png,483,479,1201,1308,1680,1791
1274,0,no_stopping,augmented\38_1.png,483,479,1201,1308,1680,1791
1275,0,no_stopping,augmented\43_0.png,904,891,967,717,1858,1621
1276,0,no_stopping,augmented\43_1.png,904,891,967,717,1858,1621
1277,0,no_stopping,augmented\48_0.png,62,87,355,280,442,342
1278,0,no_stopping,augmented\48_1.png,62,87,355,280,442,342
1279,0,no_stopping,augmented\49_0.png,66,102,47,129,149,195
1280,0,no_stopping,augmented\49_1.png,66,102,47,129,149,195
1281,0,no_stopping,augmented\55_0.png,62,44,158,122,202,184
1282,0,no_stopping,augmented\55_1.png,62,44,158,122,202,184
1283,0,no_stopping,augmented\56_0.png,29,48,543,205,591,234
1284,0,no_stopping,augmented\56_1.png,29,48,543,205,591,234
1285,0,no_stopping,augmented\60_0.png,40,40,133,209,173,249
1286,0,no_stopping,augmented\60_1.png,40,40,133,209,173,249
1287,0,no_stopping,augmented\62_0.png,102,111,71,226,182,328
1288,0,no_stopping,augmented\62_1.png,102,111,71,226,182,328
1289,0,no_stopping,augmented\64_0.png,159,191,86,276,277,435
1290,0,no_stopping,augmented\64_1.png,159,191,86,276,277,435
1291,0,no_stopping,augmented\67_0.png,60,72,204,199,276,259
1292,0,no_stopping,augmented\67_1.png,60,72,204,199,276,259
1293,0,no_stopping,augmented\70_0.png,331,297,987,1335,1284,1666
1294,0,no_stopping,augmented\70_1.png,331,297,987,1335,1284,1666
1295,0,no_stopping,augmented\71_0.png,76,71,488,310,559,386
1296,0,no_stopping,augmented\71_1.png,76,71,488,310,559,386
1297,0,no_stopping,augmented\75_0.png,55,50,499,250,549,305
1298,0,no_stopping,augmented\75_1.png,55,50,499,250,549,305
1299,0,no_stopping,augmented\86_0.png,94,112,574,108,686,202
1300,0,no_stopping,augmented\86_1.png,94,112,574,108,686,202
1301,0,no_stopping,augmented\89_0.png,20,20,340,313,360,333
1302,0,no_stopping,augmented\89_1.png,20,20,340,313,360,333
1303,0,no_stopping,augmented\94_0.png,32,30,272,163,302,195
1304,0,no_stopping,augmented\94_1.png,32,30,272,163,302,195
1305,0,no_stopping,augmented\95_0.png,40,43,130,208,173,248
1306,0,no_stopping,augmented\95_1.png,40,43,130,208,173,248
1307,0,no_stopping,augmented\134_0.png,883,828,1346,1745,2174,2628
1308,0,no_stopping,augmented\134_1.png,883,828,1346,1745,2174,2628
1309,0,no_stopping,augmented\135_0.png,28,24,227,161,251,189
1310,0,no_stopping,augmented\135_1.png,28,24,227,161,251,189
1311,0,no_stopping,augmented\221_0.png,67,100,46,131,146,198
1312,0,no_stopping,augmented\221_1.png,67,100,46,131,146,198
1313,0,no_stopping,augmented\290_0.png,35,49,419,147,468,182
1314,0,no_stopping,augmented\290_1.png,35,49,419,147,468,182
1315,0,no_stopping,augmented\335_0.png,39,41,822,118,863,157
1316,0,no_stopping,augmented\335_1.png,39,41,822,118,863,157
1317,0,no_stopping,augmented\377_0.png,68,69,642,164,711,232
1318,0,no_stopping,augmented\377_1.png,68,69,642,164,711,232
1319,0,no_stopping,augmented\397_0.png,29,29,273,162,302,191
1320,0,no_stopping,augmented\397_1.png,29,29,273,162,302,191
1321,0,no_stopping,augmented\402_0.png,26,28,402,327,430,353
1322,0,no_stopping,augmented\402_1.png,26,28,402,327,430,353
1323,0,no_stopping,augmented\583_0.png,50,57,81,88,138,138
1324,0,no_stopping,augmented\583_1.png,50,57,81,88,138,138
1325,0,no_stopping,augmented\584_0.png,38,41,60,60,101,98
1326,0,no_stopping,augmented\584_1.png,38,41,60,60,101,98
1327,0,no_stopping,augmented\585_0.png,24,20,70,52,90,76
1328,0,no_stopping,augmented\585_1.png,24,20,70,52,90,76
1329,0,no_stopping,augmented\589_0.png,64,68,544,292,612,356
1330,0,no_stopping,augmented\589_1.png,64,68,544,292,612,356
1331,0,no_stopping,augmented\592_0.png,189,203,71,21,274,210
1332,0,no_stopping,augmented\592_1.png,189,203,71,21,274,210
1333,0,no_stopping,augmented\593_0.png,64,64,297,339,361,403
1334,0,no_stopping,augmented\593_1.png,64,64,297,339,361,403
1335,0,no_stopping,augmented\600_0.png,28,29,245,123,274,151
1336,0,no_stopping,augmented\600_1.png,28,29,245,123,274,151
1337,0,no_stopping,augmented\604_0.png,35,44,421,147,465,182
1338,0,no_stopping,augmented\604_1.png,35,44,421,147,465,182
1339,0,no_stopping,augmented\609_0.png,56,47,403,239,450,295
1340,0,no_stopping,augmented\609_1.png,56,47,403,239,450,295
1341,0,no_stopping,augmented\612_0.png,16,12,71,224,83,240
1342,0,no_stopping,augmented\612_1.png,16,12,71,224,83,240
1343,0,no_stopping,augmented\615_0.png,64,80,433,207,513,271
1344,0,no_stopping,augmented\615_1.png,64,80,433,207,513,271
1345,0,no_stopping,augmented\619_0.png,35,44,195,148,239,183
1346,0,no_stopping,augmented\619_1.png,35,44,195,148,239,183
1347,0,no_stopping,augmented\620_0.png,79,82,460,288,542,367
1348,0,no_stopping,augmented\620_1.png,79,82,460,288,542,367
1349,0,no_stopping,augmented\621_0.png,37,37,134,271,171,308
1350,0,no_stopping,augmented\621_1.png,37,37,134,271,171,308
1351,0,no_stopping,augmented\635_0.png,17,16,566,234,582,251
1352,0,no_stopping,augmented\635_1.png,17,16,566,234,582,251
1353,0,no_stopping,augmented\638_0.png,84,83,973,223,1056,307
1354,0,no_stopping,augmented\638_1.png,84,83,973,223,1056,307
1355,0,no_stopping,augmented\643_0.png,65,60,402,181,462,246
1356,0,no_stopping,augmented\643_1.png,65,60,402,181,462,246
1357,0,no_stopping,augmented\644_0.png,26,24,63,204,87,230
1358,0,no_stopping,augmented\644_1.png,26,24,63,204,87,230
1359,0,no_stopping,augmented\645_0.png,53,55,75,218,130,271
1360,0,no_stopping,augmented\645_1.png,53,55,75,218,130,271
1361,0,no_stopping,augmented\650_0.png,31,32,260,202,292,233
1362,0,no_stopping,augmented\650_1.png,31,32,260,202,292,233
1363,0,no_stopping,augmented\651_0.png,135,106,195,346,301,481
1364,0,no_stopping,augmented\651_1.png,135,106,195,346,301,481
1365,0,no_stopping,augmented\652_0.png,36,44,573,135,617,171
1366,0,no_stopping,augmented\652_1.png,36,44,573,135,617,171
1367,0,no_stopping,augmented\2_0_0.png,29,35,149,120,184,149
1368,0,no_stopping,augmented\2_0_1.png,29,35,149,120,184,149
1369,0,no_stopping,augmented\2_1_0.png,29,35,149,120,184,149
1370,0,no_stopping,augmented\2_1_1.png,29,35,149,120,184,149
1371,0,no_stopping,augmented\3_0_0.png,50,55,376,155,431,205
1372,0,no_stopping,augmented\3_0_1.png,50,55,376,155,431,205
1373,0,no_stopping,augmented\3_1_0.png,50,55,376,155,431,205
1374,0,no_stopping,augmented\3_1_1.png,50,55,376,155,431,205
1375,0,no_stopping,augmented\5_0_0.png,49,44,555,253,599,302
1376,0,no_stopping,augmented\5_0_1.png,49,44,555,253,599,302
1377,0,no_stopping,augmented\5_1_0.png,49,44,555,253,599,302
1378,0,no_stopping,augmented\5_1_1.png,49,44,555,253,599,302
1379,0,no_stopping,augmented\7_0_0.png,79,83,672,131,755,210
1380,0,no_stopping,augmented\7_0_1.png,79,83,672,131,755,210
1381,0,no_stopping,augmented\7_1_0.png,79,83,672,131,755,210
1382,0,no_stopping,augmented\7_1_1.png,79,83,672,131,755,210
1383,0,no_stopping,augmented\9_0_0.png,35,31,358,126,389,161
1384,0,no_stopping,augmented\9_0_1.png,35,31,358,126,389,161
1385,0,no_stopping,augmented\9_1_0.png,35,31,358,126,389,161
1386,0,no_stopping,augmented\9_1_1.png,35,31,358,126,389,161
1387,0,no_stopping,augmented\13_0_0.png,64,70,643,165,713,229
1388,0,no_stopping,augmented\13_0_1.png,64,70,643,165,713,229
1389,0,no_stopping,augmented\13_1_0.png,64,70,643,165,713,229
1390,0,no_stopping,augmented\13_1_1.png,64,70,643,165,713,229
1391,0,no_stopping,augmented\16_0_0.png,67,76,100,259,176,326
1392,0,no_stopping,augmented\16_0_1.png,67,76,100,259,176,326
1393,0,no_stopping,augmented\16_1_0.png,67,76,100,259,176,326
1394,0,no_stopping,augmented\16_1_1.png,67,76,100,259,176,326
1395,0,no_stopping,augmented\17_0_0.png,190,164,1598,1411,1762,1601
1396,0,no_stopping,augmented\17_0_1.png,190,164,1598,1411,1762,1601
1397,0,no_stopping,augmented\17_1_0.png,190,164,1598,1411,1762,1601
1398,0,no_stopping,augmented\17_1_1.png,190,164,1598,1411,1762,1601
1399,0,no_stopping,augmented\24_0_0.png,544,496,1375,1121,1871,1665
1400,0,no_stopping,augmented\24_0_1.png,544,496,1375,1121,1871,1665
1401,0,no_stopping,augmented\24_1_0.png,544,496,1375,1121,1871,1665
1402,0,no_stopping,augmented\24_1_1.png,544,496,1375,1121,1871,1665
1403,0,no_stopping,augmented\25_0_0.png,551,572,822,1463,1394,2014
1404,0,no_stopping,augmented\25_0_1.png,551,572,822,1463,1394,2014
1405,0,no_stopping,augmented\25_1_0.png,551,572,822,1463,1394,2014
1406,0,no_stopping,augmented\25_1_1.png,551,572,822,1463,1394,2014
1407,0,no_stopping,augmented\26_0_0.png,566,566,742,1552,1308,2118
1408,0,no_stopping,augmented\26_0_1.png,566,566,742,1552,1308,2118
1409,0,no_stopping,augmented\26_1_0.png,566,566,742,1552,1308,2118
1410,0,no_stopping,augmented\26_1_1.png,566,566,742,1552,1308,2118
1411,0,no_stopping,augmented\27_0_0.png,331,303,977,1335,1280,1666
1412,0,no_stopping,augmented\27_0_1.png,331,303,977,1335,1280,1666
1413,0,no_stopping,augmented\27_1_0.png,331,303,977,1335,1280,1666
1414,0,no_stopping,augmented\27_1_1.png,331,303,977,1335,1280,1666
1415,0,no_stopping,augmented\32_0_0.png,887,869,1322,1745,2191,2632
